[
  11003403070774015752249734636235484243640545119311910531229913075089334813215,
  27822661774142694067646238260124237943329343719827248461976969971709334512807,
  26259319467769637495962723079442656021628167369603571898539156421164132725047,
],
[
  24372649154302431266225653221325896271806322955178643982106967659526815020926,
  7533990391963702549677973930741426412428116452081088604139018558358452926728,
  22303726045554130554227188763186514738005279924435177452477828627310816898708,
],
[
  3491884422709051684480819239984803057141055807643165048806049612511210498977,
  19078202334751669155299631505465042147513019585637810759521806010752800512796,
  20072409769915343579016093277865450213901441966652704028473116371225968650748,
],
