[
  3683213999352556446513174763746621288675600475199101443749042969876247222746,
  18057774580788478123973372062192637596446120632859731518729664328437149952971,
  21083519561154362941216429976289826722888921583496599999710928557698319479154,
  4045140539696027862396685129523023592254996274280006352455027199266364117312,
],
[
  22295153305471733073538629875832834072173870081661738105692853995101189802425,
  19773397368627911476548696695992362096955659595183756353744776548687062124575,
  7179243261563106639226729052732083770576848127740095127635721873019613401284,
  2037636960249917326622874230404697327413186921427537189200011502399748672800,
],
[
  5430344087827226130341196720665885288583614075323536402026953583056455620116,
  17038171434854742147987593800556130654793153861486997501698270135076070074375,
  4206041129436049955283250466284653835911391091567226129949165059760269877308,
  5053436345039160019673453641654775053082242569285494141975250745375197924547,
],
[
  14726026714874700796768893820349821129707022250603683640388063889769782540517,
  8793571632003499295767256236945107400688213821287030066391006383793961777346,
  24744126115441502934495820026171023556510679150751834523646676091747978254367,
  24625169467325871553808280010641350317180946860981925146987136051963678581415,
],
