[
  25548184796282392912641340189234728856506530087649102831363914487885311554556,
  13809021013071417813465841352082923370407989615656071066236031877682883940031,
  17787599458601590928188258798018728302511489526524735726592309335875554924150,
  7889206663577163337398442564545529914213616270246059253688353968490152023860,
  22519549803939489967526188548283140975946432604594476487748122266218598463507,
],
[
  22385060054808950519399906885537546545114786424452918477497134873138869103127,
  8307445102644958019291577170135225423640095964190340503270439009445341641606,
  344859651725839150273838344503246658180222561998284936671283922521644451950,
  3267144483097217236286752079192759860035749457287416952608411703482645942317,
  3245449985932989371393983836929499106807007076064677678413552910012962986143,
],
[
  21367378001875106211418155820675684015435571991077147589976388629531630721141,
  20092370764458808269305582403417862012189273661705097968753518247705868672198,
  28559785069211420008019413923276941371821817144193209629401236717640633660013,
  476231673480054890255137863003046786843619671472846738173655793927955299965,
  19095821471362465482386006015504222605028869868945718739280291013058171428095,
],
[
  9210776885743873989816666999153350597117676328666433407529380435012879408555,
  22195503236476006640571525568402687832375156136133572643657662316940794832436,
  6559259203123110164177981862987764340055351294249721410084520483716667142042,
  26961863204360537712802096035215683919997193800192094947026197185843584246594,
  15399568129194428581376939788137170678897661884834289820130234419590603585912,
],
[
  14535451904949371316387898606776017942840140671602047112172226916892637299885,
  10854271318118251257171317523353127068046880663898837432961906363864594570808,
  2520649188212747683898352097477830728942297938591239566806593278315916908603,
  1782987082676670619723688527839726471768274339145956868328780457469934547191,
  11676891415751570923287682736140983438911491238942447324959341121779401315167,
],
