[
  8180074297866634707238098355577831328186946268701753357923945425564308611120,
  16976224385113636343733118470692719795294869849082111383166228349595094811355,
  1739078034708700974693403212969304278644989213867565558690832201239856851668,
  27881411838101264146019600464914678868447335519230224329463933141746397665149,
  20925256456063172213615990011117499894016402218897466294832802635279739958834,
  19721800662567570886681758854071830186481339889517615743168137455287590440217,
],
[
  16357608264980490167148042161802967081622923095935849822058073923931659808105,
  10784955490248386761047933890812679663120593789632780382317860752131109246894,
  4521290356929748291943625530373659323752252384821176494679175063148309150133,
  8738055843758994749249849979006062573140676624933235584137657364505095051872,
  25089222199389212244909977326865686967205802067252695755149108996074062411448,
  1575370172684068231195454894337604378255203485268308083316185325700900103639,
],
[
  5275571191985068638315821704898528153409996233537994933369519073128210253519,
  9794034080933831764507327509618896854762743783927272481265734409809191779331,
  2723702562871734452494074362917765088464731940718229354432934605275932979316,
  6976793676394834507359026002619678658345208022496814103732400936346995547333,
  11711804042396535320019552990115427989108318356452339553026254550831077686229,
  14168916101896651253543382452120500874080093930812259748841518992095412782731,
],
[
  21706888102119793971362178486374224935732477228564000390541766246682048189486,
  10862304581601711449723363597210526857548497382106055000951176470709786741337,
  18210945635878431492679335252226960272229618532256846899881218736892274283604,
  4975740354220963879951997944794911300671388944503243906235985791057844212677,
  3381114671402861683959703293707217968774329935406534764699373267240953969695,
  15854211508771225594089612969329636027304709420884901340760837804098076096976,
],
[
  6852142090819387726839099639132577828520872320751874664240305655574728488908,
  8979176348708781579330237536407793936153196020802079958229862260852015989676,
  18372931200288203872491458187853819469253999635318152861873830550910129998140,
  23228834687641906129514727206087117718061689906491495128709733582325807761122,
  27259303547795969458806145958774959378848285069862616379909563500207248771542,
  25600791122911570154728117502586880055330096175666038299105153635782425371154,
],
[
  6648811413021776849131281633275270711267791082246671679734291174222333930501,
  14624499483135266370294861534395168819422125080295567818323188184967306772621,
  18545635627805646679219785811647478852956464129667248088220357799847013068221,
  22367826390372848833679819575369134786615528455377935715627760876524727970711,
  17169631019659498285499288218492151062042597610573005098905121052084185011465,
  14348578843152924604838575315140458464764138888376156890935130673075603119603,
],
