[
  8546642128651490051888388223380275409313092960382514176938833573982919934453,
  23311651873690716640438444134700581878307802674617838591936965315950252307562,
  23505544239364568559553936022805431941268614731152974201551854858718378754837,
  11845789674019742122640742529546661463327735103238239185074887932463759586348,
  12155325658125922015989380574835361484823493592910572562723468645297970917800,
  11546204209939753274645324047875536192129015220729848125949065076702925767598,
  4761006143186953934697269897636702912067858963858003882560850421287500488681,
],
[
  10386847276853655331633932493232176609977947599395354844972341212491152221325,
  4208543026583716843691687365923858637236311303444523016943516223484038715298,
  4700344569922086918756567889460243201065424535480895928383657020728218651722,
  25014028782705353415341254368059393069622685450370045647337829679857034700031,
  1718025445236113468247577547766449664873632257581286690264045044495452331411,
  3489378626353897134251698168689731430175122447036274588062089953195681769146,
  11540122292279521895458191047173093636801141502923778632699780755439128900482,
],
[
  23928115006870145628885065765264314156334551599228770133344207946267385578013,
  339407477352518185687573308730537881852839934656026685102543662049639502592,
  6555660209499400163398249015373276690287901879543874352287196044566500491498,
  22505491555681106991894296252060080183713355784490719692767381924802901592671,
  17308679141662377716769660866286881401998159674056912139942396427323305542301,
  25051560199267337667579803632977939766723548858338779820561467402519382358698,
  14150828473864173164160656872984123680492394682439682424045529801330544490906,
],
[
  17389009735644781278231632577758249525410228655415009631398597423414908571901,
  7790667583455719046650355670005792235542561510274773490550917370824597303297,
  22472367162313121298667696423702300236464017459860475176972508415989898140312,
  17400132988938210827462270031909114055457871347141445939293856211315231750008,
  20042008165723594850117464697444842636702817553443329305546249492159630557159,
  5708605016427748357028400200990965025886655917790024349780652895047152968437,
  1679788647370721939713999636737673605371459994390933089099018384970084642946,
],
[
  19975859145597158237044089815703197616616419999417972946559959980526615903100,
  22788054852328054406271815922279781545604113893216950455617754668711376003533,
  24384081832761085501843493105303785515351244454548667373730896915959848725186,
  21400907215805727738291876057125419415065237766560440082592795847156445601397,
  403734716329745279037165081796256644269165464291132856415317814999248424157,
  17299114217980152990717393069456122589502044884099220426871860202806138411973,
  359843540602529732455879302478521903915262808293550215220530006945576234657,
],
[
  14599943324318757947318798857676852817467006117230883295785942319880585238193,
  22491952018379387870827953995859539124212653025288263619103444246862201709119,
  8740942646120294748317585152141006507418969635575962591335688588346841570500,
  2981995655833648461595052269396120547188175694853532031496169512144212782704,
  9657151914133084242474653930513983231337862096001590955085710822271839758446,
  16307343009117385170077666447866335693604090810313516482327026574133630333491,
  26736841529842508985496922205943129070563853024260461196636507779214879560371,
],
[
  3086426884891910098840177333354298272492605274802745470307077516761463979632,
  10961796237282167894959538986252505193392214908598889803100072677118663912145,
  20945630474674092754491178980307553783068510182543911480184693491304952081383,
  23163436839037205309324796756649260679156121911413392260319542419471795121808,
  8073667112864894856813954315303769141244672047379060355749208277604956492714,
  20915335853764994935757086340092849306383056610956491973741221621355130294732,
  23296952231412589544955666469522470373934907024059370666665070103746522925952,
],
