[
  26264945088131433201034494990246831199105894524276865832513532018062242995554,
  15236071274740458110565724616091759385054192846143434332477334252162123068453,
  21625047564248080270623335731662953683302902322941442870057113611271602055815,
  11853192629505738775010553105350968856685164144291864448584047686256463368099,
  11462328881035092945909441051208961955289064876586025862396577271669339490650,
  22981645285928776881492614614732375735141606228853375720973341705704637352813,
  8698455686532021310387700938631851833101694396076405133046201605461570202427,
  904108324427288558846953949368186022321030038089155137189446596785501009573,
],
[
  14527083341563411066089604842134712032803180042108819904233545948393295311895,
  25217216247463792421614283658467769664902833005073798138383638685158774701555,
  11622192316734611267451210897935758461068280579847447995150827885797669705793,
  23371669543307173346860504888640268232788445526416466346983252044227328240056,
  19403173037225811533344913953566364142237765561500406807845409929628396431940,
  23892250018794585489511876066208407659468820088381341172590624123495701781111,
  18053311020818089117784364563098312245581811742770194824542093149870229263001,
  22649408649881734779855332211954264024303579379443582975537455889666034289815,
],
[
  1635572594395907948602226760511355992996821924371523016414395175667709393883,
  28138060556277120332425205062479519307667678592034858177065687134722436390694,
  23342873844954686872503329805791707761380365286683884920007953261794371134720,
  4677443700469734443701989883567703586085246721478356954723051198396306742133,
  2901333016128903277151450385787546924850686634813696939970733620013137745601,
  9031527798881615265905869761323014881232869442748529142404697284212014587197,
  16652581798524365631728769369322751468945481855831675414799194336377878307154,
  27785942496888654630346475805430023015179024919128288174802899690770660663453,
],
[
  28198379546338652476062376890692549548036320045950510788602206971082968238605,
  14954408008661748923097337317699228510585005608759430785797486282577371496292,
  24099709556246580912329868698320238011444038786571899084734966974162555264199,
  5602755150323032757309111776955041711908366094513540558242524731882588449298,
  22693139252575650630160458500811640822151184983449128564261453096764702689253,
  10719774528055060214178412534907696956509365927117744631837372289887413211447,
  17408230152917843734962584267572281895232160967034011133651225678310167231718,
  16225142676059809871264301976348630949961662558656324211522950320359800401059,
],
[
  24633385996056166323221062706139780089475873122544345333861251635755576904445,
  24438038082616530187932757338274881184224918694775395602690540429982112811156,
  19465653789663397171837590985066573062151097638707022149160839073804925745830,
  1393361915946643082463511596161758689348196258510902717740886413112690107883,
  27936219908970326596656945957575643128508154860344661595982832573057884274386,
  22558932035727419638128795559646678734092238971688644908739574914864845084677,
  14673959692541256543263952694377080122731434479416890024605559526792940638191,
  16402488471460303807842445241268193987319013933315905362495723739650317542095,
],
[
  6752626450850987243035964851368362484714067333685089535950270513870666261324,
  26913030971234345064640882531795994527173691000321438541402492740061433816549,
  1819661192152697369262945018541144543590112888705168962400344825544031050042,
  17926089441676906341618235979368516632288040718187068242174936519666168348689,
  23137297647637096126643401548362493203685971383589647579945997172128733029139,
  20243264627893058169480443633867403272123709875989943691562872886132319528899,
  2641360053228191052381586481090350998989255319909143870993440131216704102413,
  10607280583800638408133080333237907532271981886714333186818763375088054081826,
],
[
  2676427641852630983343636697512231044684829862126349926187508120718739313480,
  10362964986749041149107160334837567700611494789742508832291652981312636124474,
  5079794797471408209017450915368561445604328322246421604264024411821875467837,
  1474166654098286613870158346339385321279905516439388280242324810398674784183,
  27232920950551552680286705101776445263517782713439969330618423603843180489732,
  26065330407567472191666192338288953403051090788499179643775155152432821937919,
  21778942997882620154236082077917571239480047563644875445405329101412600188675,
  6468912038807474857527987215307173436823238658345500538613672133457929404210,
],
[
  16015766387555568477585492624552373899969319322257763041328439961116293600045,
  16554758287391971859860068160868159351712926812288657149754452353806014904180,
  4305265573664415490669994624535903814562956906292803289663243959490934358153,
  6358319928540911680867094253019321167211703646625308571730234248412269427001,
  12025523512757984205106937479394582401276255002905296762007175610668308376073,
  25296031424212798102088405704512981056934013466676091945679128528511713591424,
  15174969850048726830520532387781613136821405780700389818380284715508815673750,
  24897913491875603876960389018591370391058182762074759445734126309463956034016,
],
