[
  11219873935099250430827726395201433464236738445801658585892519772792343996224,
  9119189234823752493219174707997760946242423758270384407626546231891464657879,
  28542145056877006128132283657689831116238432511661057246946482070471172952485,
  20914928361731814503623254981143088727553825999701526564342588140396680817542,
  15113271972189574848206153749361967116451990956022607847981203911701379714273,
  20227612790131966295487981268661112285310871896833252048706229037764947015208,
  25846154637620058873939810132632406869615461602765453543234146215192767542711,
  134706250469805310570866486661999828026479905238352023018874765250749868957,
  15833847620262637526351177788585926646033986630612789498552911691407336342173,
],
[
  9323901177237007963288813107563259987744027977390332638059779345904340677032,
  26652059237453895317410175016423399195589111558000905071571475399017237160992,
  28111776900397805514324652977733066907996337118129466276764511286315188550558,
  25415230720757608125436361996426046712330952443364016615785296772801539981223,
  25731330975657617885775179339812062618229733174523719995528775564483412546342,
  24882792648949711832325671942011486090590976043414732424325245883909205721459,
  12140728507411624418342471722157538745057401499509202468544041541153358594299,
  11369443240220996828903124488978263414454328905095521127877407170836586229772,
  15613472590842726066950581916167623173890459853812684432869790396330303612779,
],
[
  3990544222477632328026202406840745429954847599673079728590781714343017290753,
  4584469417971472143192540538626359969397065517171783283477256437825404481199,
  5771285272671793125543404078368682041351264032508534130470370275843065489767,
  8675336942442944247092022763122396584883092091999778422226067602359453050973,
  20636279753207214224747918777610216809758822087714697442212317834024061473117,
  26621195535629158262146710797810618255942186117358895800844377413490748648205,
  4625630335796476801039000250673121048282044425401388646655404004113149178606,
  8172048291098219943806352149712497546298920380285174731273466511114285791766,
  12365515796727136187610168359278247360347776653432792725478629440094312355854,
],
[
  24229005214604986235735683282328466203274309238479556303559424594519680768704,
  6746296503290605001219245836049421570738849642366009832221587310919612956195,
  12266959566953882050738975145509029427240824722501799907302043757894886955913,
  25525182871694497608980447949415512100722637775527933757390592866999281831749,
  24218018218206541632623942602155760033186563417355195487940832636983957997733,
  18648061251127766778986589878489206338565292666583377310073505631918827912476,
  21542347030011135152470296050392451126837452751256317849617347159083837579232,
  13788102729302562508714547446096655560005106109677566275037575750180438121075,
  14435420558765689419573234521509633090582519012717344642700416456946711865082,
],
[
  5109219214790072725139555922713085662293725458642283651854569239105852992521,
  3083700735706867903826388013610054338606623753467605060738072869979325821443,
  21753501116921062318266458859505475946507390920512813124081193762711904889866,
  12611507348444278157673116123899692350192726772457464802569694684108035235039,
  17804430019481215841697459900276355014619210797815550373434427130318939079428,
  898838151485408570693950403700193874948854820311585439389846469936674876425,
  28025573209163447280256358844029909323536428881704101429719027780314136200566,
  4561276169186928911730235412545261525476673993614155442508382420290460162159,
  25593563865541886736864947861613422592541352379883933854372535600315458535522,
],
[
  6724434795386636249432730973293391770603954935569966942123877509643468683322,
  15014700971041229657606936022771690696076652760512412450967570033895209415063,
  20688681151925186883646826456764131158052368340391283911176235372309087353995,
  12734123752794468841268738747213336986725962903118508389320232039434648235347,
  27755266946951074954956465797326983254271617020119207819364092725096643274636,
  28306221376358104950485591036469229810964909461634611145922615704285369347128,
  176875041213960457601664376502859707905383489790560710734078088917390532951,
  609209488321037724142447452155637536645881489128816964846425334613244515358,
  27399350146305941653908332830332445858473950465128275970551731754856599816733,
],
[
  14386812409693271660025957147151055315190987387339908838706144529971257621272,
  8821595300271210391649133316441323562023052486109244975282146400949637819488,
  22317925354068093336822683104212682628084255483566816750711787408146746803819,
  18606808179527564651753259335269073902158529149755668260001570753607122137339,
  25212278699432871884035087268102730443386895679333000222120310414750346242914,
  2599708264301273050070859058664789104288050562103937774644197632822646649953,
  6405203582338665248769174471682439097660817923062619400845861302704948814136,
  9770664207050761553462515368453063890290977993991242171393753156637841029716,
  5109894160518294069650960270407032309750265738924069821392023009225151532475,
],
[
  14283738610462460610923925698924639939946070047438224668216310797774836761840,
  28585375353873356205148607771992085246112283265868547006674389748891039569040,
  25506905526288373211999621506864698566617090249360269196110631252205752532453,
  9223338089163393767034177354271937378669639669621160863082991345792768904998,
  1010023399380998643993144865346275417178128820064885549695364410303572506595,
  19150393793325887709682578668614839858581777992921776163269047440096023069608,
  16740647875002543952510367450993397712721669119516589096715460706416019613554,
  22950678277594421513817801151363990023823920446521697660623644943989154501238,
  2059524233832673314847958329146224436261673035066751017828888839969334509215,
],
[
  13037244738434006269120250377529290236669974681686987845244179653911932548151,
  3271335265727638149670119928566161602319454068577895555651740728661900204271,
  22592631164479944207279762029062865005868197913629200207045351835815100771543,
  375324467386189729065654276950221266213618381229919252874428338437756749852,
  7555109670587363243130709197683300956679692859733462259464040040206040865964,
  9477670460867190041145474336407540567204954646107378153024570840081740635288,
  20977098035533418783520271162024731967244224428384039566029598749043756995578,
  16753282594187528450605543800121152903690360655090636991903939678624988612849,
  27011597712278266859410915576176225765961895424615486060931581299660997955634,
],
