[
  6465260950431828830506348511299352953300134388279617028566681918819569726662,
  28905484902900842848162144251337060774774172630346381353115457915740720533204,
  13726464388331692072218153662988606246832077575153978962927028503927907466400,
  10623091085063228288026822089710023498642695884706125955088462215138606164265,
  1550980798411741583572726123894143952818337513355028568136912811981460883727,
],
[
  24837933726594460636408814752155278448885250651690848451885305220853064093198,
  23615748747934528481936794817762687105040574132575640994577576821707212071460,
  3890916569659905959539814401356869857547668921657702132659674331652221777035,
  28667395235568560903155977883947948813606256540998064797592816657239270863772,
  21808128882106301744811441426506723400967693447010946465555680200773310880759,
],
[
  2726277816561686112994831050018107661319468934897621930245104193640122037733,
  9551415734468259865994012296812493002910295668326824435529254306545853701622,
  18337594284268235664882570313076562280487150399042749388843611375308259109870,
  16284090542037795177191365479163936636418972748149701996524358245927937001071,
  26339595280670445114040540633870862667516681900931940716815940040852032077273,
],
[
  20847757821394036655719359126324296288218171198990637525017778997192987024649,
  20271838015942426637774871859105981238206108040833537773061018812934806164643,
  23054999801188296749934239701852206655283387186086140101519431269312786852548,
  9378137749479732252641320723402096405994035552238328536353886714993338770237,
  25152296502705205914937679796352257359144987815399502291242498562520462283255,
],
[
  26313769133124281499113201294673873452400007509319416413084674166200449215019,
  25559547069561502508020100342524003028694291883760543887230035544293837224110,
  24238217625795934897678358526917064540574587231498683275818608227377845742782,
  5439387484167587111394539526861544985123019086685400484881494818653920895029,
  8592910665027166637988213543776819511938679659223258907768224599616194026273,
],
