[
  1179578524102709344100463818349500822591375892803687751983003272269337557328,
  13182790985688076387510357440808762935176478625064254884402265966967447023967,
  845749243450456256135892211706139273313811349016416479795369086793347137275,
  7229551006967433060783873664797385310659189699656647244156534815447486092750,
  4794315942239100946217755221192927990291210361424270445390861751649356049608,
  23433966614899433490428848082404666468366118195469869679278513566605737706949,
],
[
  11865410945842430262329811495841203520247693060284900077000855611784380652139,
  12702879071975283563591890055372182114594633136154382511361507932280197968938,
  12932269798826389867602559488833785311429447551558244442384424839401451782194,
  12121516872273811113356480451695300664757863478419963761068897531378995580296,
  23113863500769755834117190817013583941174439548166560394632359757592759417784,
  10526072694532988033669970176451258831562961853734677553209552216909562272737,
],
[
  11392460690756355665283138127396512369450207779396109346202330183126801030468,
  17031449871839536786282653210282345607574629587966548795319231642979280052361,
  23155698561524632526864491551729583335816991025958373249115820455266668885356,
  486299744447394385867619105781334722108928715938666153683326297930341385087,
  28029834441071069117322461310352735101341437308619817941864746293404275278279,
  19298527784311489097485570726409170654876200257951044760616383876543717068878,
],
[
  2920180740887105494494275794091607165878949413494780646665986484909947526670,
  15278308523336197328383440133954727860674518286081038106949881586852604468333,
  27205305276821380019250774854517943570781116419103656817011325067423627761333,
  20691487244840388394615600795973086975930231358681514537525450538849788171414,
  6860834221305687292674088847099271875745765588691790514568394733830003236363,
  11693291320882977036755666669966178906312710648151636288427110923309379349990,
],
[
  21145481053262990054799108424456205303068551628660853924703903141262309463862,
  6079968056617567596166447750994030520832516358467358916707070983450200056310,
  2502135846130271481170425048528537983855702849109822173630053239914036928631,
  17817902249236578568407792295631272003616159147866118207292501351225484638295,
  7258964546352227648628620666927752251955703317354816823484383451521545590553,
  662667835677768054161763161570441944725640968844437773949004482577505741175,
],
[
  5777553186818473032054662482168028195401092587115399675100825681912888410968,
  18556899239175844896227838932800132666369616707308141871174772462176418311203,
  16527697099476712872750056768489425037660176011665559061032051486118917301399,
  18564584536969558545574875332277594622943121010235492701857464849028974146128,
  25754386244642159822841921627825513962529855229833422982196505394207362024862,
  2333589816972793875643161077368011142340267515139849156095785073478411050643,
],
