21803715039317278198490310228838761820084178670568647145430631061363562182159,
7624865858307587153533893753671854337113466346291121078558552645350285711947,
26700489303136047462599262740180012654857443933973506452655094204874268181798,
26494260871076350781917504826961109818301921647993891506179327799406892257760,
4957296567799842922524759318027693610815701909959689401077625970883603151110,
10282858088808039236495153687326481750629167926398528104702176163827531439774,
5929373583590601619353793840106929273025491048347772550388315300478156302480,
3011951966042824356793101436014075881633742606023423824609791334873649401619,
5949000965032854376013985161729805610095473216976505768565157587449663833146,
17726376508115223453307205134714318843193912409715438117420622264717671262663,
756868613004458973360577644537468651009832005811964377612175868388980341238,
3421893741771938128946389260799798658478598753415463644298734220953059738355,
13293243933107737951928282334791569607692876620282367672054893180625816893632,
11906453198605884256628058547608350794281153234160543833653104246224561572116,
23172302197508009638107441698229967178757578829167657081073715837516157038684,
26828245904250884987904133111377098838723772557669646848196202419087853870872,
20585606416170880487041307637777839232517038894653375498347934603702403525799,
1047663270527934381838445994762652910090839507177449076034186708210288801902,
20274910123179255493744356413243132767746258718293295072669857132542604950741,
20857205525756474383857323509517945359548153106777905032259140536596758842151,
20481512031474492331394869498229505122694442073123511672315331466779200648987,
5512348932066875222255592673449822544023582557729178288775446420395599163714,
14748707870289380337081091822758247948394420380976550635416667891847265434773,
20722592968207591585193709289557966995643707360519106502308701025990663556112,
25187075483245106412039082847435291293567789993240499080077480139071082713811,
19421269742609173994970218921590288196829015512476170234735579602917648585528,
15907673084411204300870039215095416489657280867726923876605554605918361454411,
4839910768263945909615643698821897421248623201436406727882801614226282796736,
11993166323725114372511567048380837525145267539902083755578961856890086640616,
13920948384274828210917386586592591296235909076917892178237942711445546791673,
890670937435713979056767019654860866935017937714294844928044822115961948695,
17228860181078068965008756660486864527552317469394243328944319614877053158985,
10077644153064320976006893555780056518106113458749153233744229760482343163199,
22953533088186447995354081903847946065608888217162100116127853233026059928601,
10763107301772445560209819564880953581415947909035345171575074311681161298071,
18925434003927090811791086956853651992753402455627802833236246367412669605539,
6325804276918590364991192431609508508777152352802958405080031341778877821773,
28114847165366527836483079218599759916977495113224195917000936494217008192920,
17304186597838746497166986431264003930711031329206320333097329523500028303178,
18283550941916909218700813231310605366388645926154486394285595766228045413625,
5225053507977526915087521556753153784014570893360182277133733916305847901685,
6415959674406994527926577281892903938752462546208243491413197850838054531309,
10212642096977745854594822072345649246015160625455414589847468474875947707300,
27405158324847355508137581112610440419528359063212329651521367590453620664715,
14939565057360420189409532239399439362339540260871051797179967574670883151323,
7997971756720021159944469497338589576274927083648880041157399707368533588880,
6607365721455494131538291399270606885299331260642673367824120258028929960196,
13502825856485407487503914739590572562127320460922456798230205918473152424406,
21147546855549437029090155261621026675903426004114397528843069540056819603379,
14270429625048095860151935700169737084001840184096484084290097309612435138284,
8151240553622973716971580863793018492173856673404843348850202576084242775504,
644670877965064524210551594696783352968769640736136597131126076665060695352,
11634045753144315146628392056964401850243288250883934268200634418200744603187,
11402421169443522732555318574117317048162495828149027697536531039073930716885,
5644197978091779008007397849630217202162777447065785931511448004325804584958,
25592766393325077419266300093223136010231473582289694978281322539225425070276,
12183738891541078567751373297600108503990897676371277049190716438760340351673,
4950298165823256166744043731905545438979995302907644128064358497521419822771,
8637526951198910623412711502180127909569423518267964720449882636729937122548,
158159284104513041134560852123253815880535856963780308706041338038440574213,
26137390109925415773485972137796240914504343095763560925008597574910837706855,
16491283631769246399116778703776812126261959708802602085571640961252829126567,
5293935674375838467916940445641894793914708976817087135404083169226658269589,
27622895889979197501444941242823170379263994965949815096670791785930077261517,
24376217791876137094568586161720692274532957572326875543375783682787641414112,
11666422036271327448685243044124540594972636664702208684331612002339263266028,
3016855966341940942362945070831598449263452162740443068106636587120133813841,
689696542019772963652824302391747148371345736156441968199920937150846324178,
15430965548073157307483612810585613268058653381913099676476333295969104580313,
6818080688798147338389733045669363039935453230187429668753478534759877532079,
7334952591623961814137085038760054155869462703285635189028314853534912444967,
1395088935948449734081725164592118911882208841378506321094899799193420360392,
5494027315694628405229509763763882388067504957415600704305040224097332976125,
15680071395393265171580454319196525740895017206618523086119855149697918933068,
14677545002025177141091686086121046403782611011556188781596187004296831536357,
271261264438451895581592969663588000436715027232973569088984769122506888169,
2450537482018933051418734449388231236440168236289649917361976706180962145272,
13836314071219241862182140887453357994639895923746476582558181260397702558508,
24531311361171615194868759732498122924111804920706358619767354221675403209418,
25605899558632382526580257627442708479813936333262922728065869007784522603381,
8093679722181994599310506949324659714123930570891254560024829203983994510931,
28089756201655325010090779024053293993617225796624733381103726611870245400059,
10288572267035563811897552226221862707264717672092908920466002181807009798964,
24820789889701612332279134507068336283310368507475418871269155368616002982164,
10134793347636166591675180112140116745845800361294840948188545036910801739958,
25657339644445374927101033922627027193811090377371772578675566160627207068505,
1872896821338723722858173300206380742390365778152547911818194495734118549119,
641738409651465702994435251381128057488894644451351130253010961827160280881,
8722519444809789332573924441892864923129002777011232818163819681237676356904,
13060518179310282002690231642746811243724072693965824725075325013287495525783,
27388083650716306183856039145356772920295408636020656529413481710285688996055,
21385920733869295841984045220820490738513157080782443937622189901547807759441,
13830247300008567915345126856248484882944718189466150721482319292467375895755,
7136957768050398814001203834794454849218602139791825949942248695015110664198,
28496850269118382449971403586155606651474393032582458939202402895753344207007,
6414318633254131933471932955768820124388609158710705085955379889088115471898,
3216523759216431867708786324371028522027653433462067384251497045806334335335,
20852091406754090839494195816786972989019552608823640109261055121151421206538,
26495513703887735825875272902340415554124740188565865217328704661304199409925,
28194288085174576202262692300423283604088520758559660087054905412894651004357,
6838319885876053957337178759789461661075617356645153352720548121714329092032,
12625212969094743978697640646982376243236057267705184753782236883717067242898,
1123192587190224271337544967672791033734697717270951843397379361937437930942,
10629362000136148814848630691831414143167130562550021323232339284709790148023,
11892090392307162155907333875405708330515372778352303712553552334820584355604,
23238234585384240967862811721272075152262777848642916054219775068309373980263,
15029820206555201616441576653196386598857979175739193131275840014142152508845,
1921926841487698190349634282732645356732089129200381409169269787095147548025,
2230497963328436737683718334663069311455884152978351379363915644188781133888,
14940468639415503968447152193335479823932748036646271065967558387153860797898,
15809359603007701740374765842001125924000417550698866634458821344827162906799,
13527415589486148681051465457917437321534308926852314864548354141103350509897,
10555769129493069382902645119854090141269106246543570330831452425925371008188,
18235836927287740790438101316393252548320266880800811218194993733141186729221,
28074233319514308297913159794386672026647691375631824712756122998097000274614,
5700720712216078893519157866791640711698025593546499593870695546302549582852,
6042821722749526966382483717979193529136022104816276115430897261105723028980,
1085102120812192013059039298691883073041110757386920404514645691197499455393,
17543763027532684183837481806619063618999082585451943690444180765927827103803,
27703491421928774142845604493696894154672403890567130140804084189980003428662,
11643218341423794002062213402159940197263332896134998739441547239142937900935,
28705437005464771723951479175603642564783765169274484052792958594716067318572,
20591122016810752285651648175915008401536842637773107619228307839012763006391,
20612083952065913358271960098302622909672377645105960454367528375724641573315,
211408777754118786666817204482026689852920713339793101679551013709414881834,
3428949934689679100990671837558677019084845959399781978956159026168068631871,
24606731387087169811239733108636343342155817159181081323541736952596026274301,
5430551044544262660633417245247392524916585267030107964564167553084360961992,
