11865901593870436687704696210307853465124332568266803587887584059192277437537,
8106572321306448561272383558012749963748358844705299406391447161298410877832,
11707331945334514286120137391947350087632085623772869951863164361695922976568,
7614231165138437703715796351400512419034157550777684039873810826440625723695,
17108745804308684637964438487237723214541645477949369557189249702220750722331,
28482709556494724328894800736802198653800073555798724636385135549439085356742,
22084621272529558534346674593668266856649195963035162420257478396107381285157,
11065046937453971018193111360820446155970823623967390073553725256595768408791,
20163386569362559253936962862374791389308839238220230985809310822791529262025,
3941572053547598429065422950522133819874343789089916995553450661687375302109,
26478286544099137612981910043301624023925078357447813396543283503388535703096,
20695873604353009531429015276900191600064214090812802713214397507580078182919,
13125722302273298866746961565666978849814465870768123336569424431819752980076,
9785548396072733556484927856146778907814788851086349315764873426432645263872,
13443943788901083053739342733252043423900693132812974385986650498262359453435,
9762302758250004682914036756566790454206292929079802149918241419991743778078,
19475373737975172049750799347581927313285945820087657933615778552974211829387,
26326676308398320579169539788392437654921007121904386041440053251920191437301,
21854837019991553667332010956652219921642250105983660108852707854862240766704,
1855873836256370364169888814967543928768577071445146807885001909257610924575,
6893757226114776013992120610353413647048965744053221939747330482283347049271,
24332002500271167754445178113059124234684848763578719088484322891936508359054,
8315390532973093090228198037973187268458339671135900692256692995983001224287,
20194832349178074328255630030474794676357522951312816945265283318496141911576,
20197489266521008707527755143868210833027985912465941510937472218208331469324,
1316079587764339149090919530288539945185249635387918305928554726824292235069,
4635634898381888421672273828316335969974599848444510316738469345444620659008,
8644506076646842294589324870931361199184791348209582052726445382015132439419,
20119933204882102974459031584507100339282292349398588923453836079377072829543,
7917862289043363038204972116125424279857433068189510615392330392863075948512,
11213861995768467857413038001306057240793870929626059934261458727946548965379,
2291742710611132809700323762125675349484016058554275673428643410085506076100,
447035513285578307783519781307142266645679652807941291454847780415896684065,
19941446202184504378547837635870560393064630187876613630546846906393007677289,
7595261399959684629699197426920893479848768772071384660164934610968891053864,
12450848281586712352554721829724230078424064515794153380314705783292880037478,
5237102499670441785007944785581992844697685968922355014280712201430686167152,
1412524057853628881005630586377727487233247150373319518286783509614859257068,
11338671486975802181674275776989710780888734229624346786700048285586675342901,
23124572501783393477231165425714476214042723292141825213493635111951207504070,
21528356110015199451243279738115385806356940590132503530639630620611521954326,
6284174238932569340060925799940162325946442751185026413727709496271066916876,
27752440147182328733098243645400559151338503658043397110598417983425635093551,
24918160465086526594937065443815615610757370328053649165018481775513828479869,
12096038367976885628335054904138821822550042039079703385879844461517464118581,
15908652423714359894720614650322760756461828514699821946843077879932200328081,
7518568119601342737128460613704294443674406422237476295695786631549469567412,
1994879948378542466338304292753049990663872919840272992167645879411261807091,
22737209252563391582737936950219322780303060945177735953720593600577551054728,
6806944761856559521737003483671087930964402585953689232811518208194177399557,
28361238032640092221682648250417205223518460786300777197900202235471626455444,
19510703781581904037785956677863685532482964271465559721975057104271163443377,
21947030467175019091200779629005200311659797905363886268652518899994207551763,
564848377963101139605146697523269262496931003289939585904517164602586075006,
25612482186356484353399820309782418213769820786878166495350542913352243250223,
1278746675561979001038190228385174607892384366712645093068200667735088839972,
875148138732947524073625060062402720840230364189534554713999298266052108659,
18365978757102214793701233410823633646718459478394772375218688045651907046790,
20058660696558589304760567320565761932346153596904850843723786092836623421898,
9904307814877130458431090994168309524633797098462641332062291795585724872939,
5464520407442622732845140245744670415247660148664200195803480651072026873348,
17861999104541306453962582442755796450231355868285270446885791333453872340366,
23378509168708393282724134461441728721207423658718456011538110748251315535422,
5209589919032747290936377122292568778231561028585539836379800399289011255769,
18016823523041195785867119801543605543029675432625138078708623256495456133895,
14690052746747641406213440190203867862774505486263459301486840553715706058274,
23553071482587735780144453137303052653791146875538870349011170421833856166420,
23604501796264704782475938971747335840792972984893065396898597582479192905292,
4536035868709825915340830220849114244159028922934259342620156412319571624930,
19842552729845929924749158758827564174229998388345151838409659156606737526248,
5363860053412802994420083843755496115908848519465397095683729946111014948807,
18438800606734262319087498213607384418673668334772569229023086286226973446260,
20647679934947952747034516032897509376249313395826223718682978829497893504983,
1659271695075869132879004304689283761156598829774818726169046503502126365241,
16883390717210484789694345047581030573354668520815614244479996421706389616989,
6563536294919319861980292589477566020280249765843823136253703587237368014329,
25283895380742095011230320733640404162857014145150781904640758355558840023172,
6926177731985082885666319756087809655069253414814366099845653558578768477999,
20466037309967819805437793915756947704125400653627263209199897223310580804333,
20997631611364915390506977137287946198918222432613825198844388975039652295426,
18241312894306664950462017060102248433805258773130297445296746496491759312821,
7730456241119339527199403289177005938961506420927389188158376661266347070261,
6636484632817062601195613737462391274316130353114558028616849482010121147610,
23513200502010335530784464830936578201226376699658755073027838488296011329580,
1693205803951408802727045964508107314527271038095934220412026750228280642570,
23935389646118242850965804220156121448949953704519044092992115826498873840121,
3625781889356363885667412960619401074386090527731610827541712967746302808607,
10228063175212683967773342581126580860719813382205399865452185226956224255789,
19156055213719051995977792203133146845095298755465246745465243086655094517538,
6552339228515784204130991409698223037103978145793919666913860517081234028376,
17039849656626346311931400251519124278671864416413897596226270023794686128942,
22945902785216457793959851991880814264844700674476986079158054832248853678947,
24211592950647625718065178603421040819220943756286762403057712386972764474080,
23815468048868420850162526466123394904467189841093595535882503607174587729840,
6010165121985318193878617776793925787546117003075622630368897082851767336589,
11185804493456149103915775689506416548875793797917740551819015576034561244086,
13378688253821687488840269324836455321605694156405516556383537218183439944423,
21740592244747787475583021341419759690533941579053684280802022472371077377123,
2354473917567752728488458166317088579469255513431742197459964427351057995574,
20261572406742526790671618207675117122284899612013643583770594919190444724387,
14158230977075089717431727379334157727744675755085057420554071371419130603642,
13401939375366846642280364819803594944168307422249323594458265111147273372451,
18415725282612982684051847045906952131055813324582854629249111044114794398234,
24421366021316000827136208210147635994420995806140137043399874850229434671567,
25046776899207403419654167157825982410057366838744994020581895775554414470321,
15603995867132218238626287585698287106831085584320952833397949411265452347685,
243808094352238789721029661454175969507917381283710587893732153528164749770,
17655911636884689100616306032470669817198547271330875040563612087692005831680,
2230807782952685366993482892787080233819302294703308258627441399329722495195,
4593050237860834371509955588308998211728230670835259954997307797128412426024,
17293509867013673813139896727253795251282034875204611974268189673767207197012,
16993425333287932688489538362238242461026162097435158990072699213859790464585,
22959233769499493961694111434386251977187852504073689277559386414825028987022,
13248386689393536902601262787136649312300328615585901887271487877345972846,
14825039032697503607945972979946449095212891502135984763192194861719812702921,
16259652390073032892335626323014809116476617872298272393321728057849261858184,
17250879480551905388195592908564581302225818782971976025390565175526968296819,
26967240240239680210040177998360135408291259511397301288197394172014675878229,
20615861072605111853643843726710515739073475667062218189066558428905053617400,
20420331475683414063086968099256881748978122723452062915565760269583193709964,
6166270867130764709599728654395074210238394173959639936713816107566065370434,
22174233102459273288761745478225701044005478190494191047642184452095403199230,
2886014161349085051417176417422246246923324317870416606474103920242476264320,
15036696714864813861309961141624362144468768532073160585755109285386808386190,
5668735880660926689616779993368904143788064779613636872744192199631387019579,
12015541659003498175229816680903134066004462167248473090005109139293066705074,
9379064496202267453611177728072693164987877615683562279288374693316622868384,
21284736823244777220136628358423826637557848090548330214986406255612040504326,
479497351269844228424964411428182833653583742893160546485365323842651299243,
24812413136722697085446442293507026536490149329736706986539933800384535941116,
3796180150654929746518676956536082102860335660451696061517788935308278175412,
15902306837547203252875245548647972351716178760935929714657426607931937530150,
9463750763348352127592418117582807954077307468473283858870929896939093667621,
20396451010704436291163155820925441718441780573551488867228680174697541607935,
10011636261602369064014878445887888330176548666572715093376008523588091842411,
1429322436935067753403294858455403871928049452881127135360420705814175138677,
24586522956313725231465685092263071125344435405172973082055623568227103333971,
15880910484609343135380873725799967071442190668088989715249885732068831220067,
18912015175988528965020862395007498116401517663842712000779287879714227804766,
24498639279074618713971908077461301940588553966642900405050723232054248623930,
7645678299187581297921970823393823375369016438201364222538816594139616652890,
11700013030214775045714986243970711550550376130688851858477076063358284421543,
19015590135509403066202657624776909659756850481776932020627342158132725401776,
1613423913670643201105502463702924150730567921986697752176806510998368753343,
20162127559981343746189265047336882373732190337966574960810766284460142722785,
14007206716848586272034093408738368224965747546443839767677613749670218103261,
23290004774054916826278959456514803315565456869664587336740537072456250876308,
8945240039936305065450055202862377894086945581116979057406275357025968045661,
18786008258287172191873484061292199522681669734775473386332195623832557775258,
2000165308713980947366373774380569694846052526209164874588774691691896853882,
3988024072781134318889235863913902816151916801844784497208651309854454717998,
18900134285938757591588412119427578414755014377672636427937498212381991504994,
8778523153854666308662854268321762550388696273933305673986574563598663109328,
5047297904316712401100355909641416480985790420462945350654798922064714811119,
10603821695411173221084323321820743176050478932390002384368718041727903609827,
21316992136681905210028786516239446545719662167813080856343394646701530739491,
20367308048139348378177824265501178362793563677359735859800684198897211614340,
23480032239416977586943595916050975784605212769586468532427257366590513611392,
20583806511443141420504038235310681232596026230031404803703378256047166376252,
486657982810192301505547357158731741420861673106338620449213575010500421084,
25624345543678644646627769491764596402333418119526823961670728300367878679598,
9919195240140560600113732379629927831277576330286200977993589439835782550354,
6533388490450862103351967145832316427077710226051630789465002891369780518174,
22801147943515975006920326911868260098820832495709884112601822356569827880680,
25215627692534365732263516118606850388498588444799703728581194077926136247420,
20932823866711459578968537535085874494970784080280526486488876876857614820188,
13358941144683242410053474930616837050950114453892417862086573524932941599789,
19052025800026580476437902987627737006254943176377022646135426607968108263534,
28744489611256866145972310036624049105596617020356238741247351773995497629936,
24787848229642648089779089913335226396242370031080393966727046660085538903428,
27027572025718743242067204939984930147344787177920552720345589836011014403252,
10203008911844441923608070639375593329185087065867483483863925537314741573519,
17245807602830567508257917024390809504435889680675195410770417946145828192423,
8912197322574390157547988638076281034370594708988293024377267380837420030424,
13333405505594362019355359308579411429734256998509762855114073340207710538415,
24088913883098039026991479088099872368010345283583290834866135858280809149789,
22082151931232820648190055004191786598928809967429048845788836276605780028544,
28094967799185834968983747915189842052673282927890839702010532006504955165323,
5099946852805239104371228857885022429692705851994593370647126170705245738853,
12118481743891104312332307430235596293538622824039792026306535716095028008206,
2744886301263081951933996979965169307877631844472333114783781701017243636118,
2694404675940854831935472953784765446504381480981858345492554913297923378180,
6954564931343315839455458965551717602778227162871275143538908380964416511140,
8657662397044239011452059443724107207953874437901532498548778217838686515627,
26604437304139618526144024600233528994598865503948300049725110842148328703139,
20534632310328759356945074716443465446206212587727922801516600759802575492082,
17951375761872138548221233079763309102248503091685512470976285092020730987262,
8984539708665748314451850527234906720558528194952718910684520176662736231182,
4160609758463057573155389708847770706375865910426486203587683493200060870507,
798169864220624429660704679420860100381691282768890963125839382040481674386,
22776709139005941102898687228456935629235283633089359702390202412216181699744,
2790887735516703525091627411611092487253071022078874791427409983279005116288,
25054301661220345220042911115326858201022646888282855906010643071905273994586,
17143445095960033790719859308184692641538666660346268958176347184523569239438,
9573292800297292790755018742659536769469218638644278600390682125686990417698,
12817155986123942825235241611687000612087260104768129127681260838069559523372,
12204676990497990461954696994285839407159821890227750025293403805480739163632,
16859545247879451998291372026223040517192606061755482336106313793305512255364,
6818532139179195755676832672945080805014122856112015571610196529740915771340,
15616257142862045974048544454918322614790715583726495686889753637244086848866,
11714298304290132409066136355679294614207326405680683670453312905826994512651,
10393898577065718180895069686427556583432249933494020730360418608117048312551,
10445098699688578671561404499483130568312266967938509704137910479746821549289,
17683967128687727184306896341114450628476652700960384663059210551257013431467,
3147036835865193320707040314427743165564116869279660774811125015970675458402,
10885790185811287829772056270888234556972996121248890959968496704057870652098,
9704934929002782422024949518121777109123436149933084261082880794624906934344,
3023711865222516950967594154117405782809715249730533762134403806451168264965,
24722137191650292022900263404145975070367181360561815788458336109684094839015,
17737520410004652987443436196443355819091302662362160419662342827652328835562,
15857558845479720938072655413026074778867038949679884793373718511934991071048,
28287203069172202772115949423266053372196845578541971831875471926117581473799,
22865298371844035282750417993096431785734889277185221684081259867309240439726,
22060510253804654778550089849877459240657299834132418328640069338622172619909,
4817470990141883232440715989513470000423029596705279453215942091336795548448,
12550088082561926204870526853740619206048048527677577694493676108681166832501,
15387451908256652232311273794869553716358513739113730847014200996465823412347,
4970752017413877986609546911537295524290600095739893555486766866025121523460,
9621946381788792921780354522332489503771700150627419110265722606918435445890,
14591729022489862417154581923223541828748280180083503878185924991773199220753,
26726552079559458966864767633673369027695739963138989414793073548458131686963,
4250353884661253695992291368316616303704011087897645732015610694966304202134,
28420611431630897378802255100424796818171311630496978387236857167141359533712,
15900289841595714333470172151854169893329257581305625637326852723384777260869,
7998946225237718458648206708412792398899181783289737996998226864128159530573,
17750015475506647317420118597800053249888924080983530557262472919712747476331,
6081224740850850004596955325921016116871704339059132641008932682512446115810,
8673569487912248773382497928483927088207131806887229317986446587817173326971,
138420497982661618776223246716900104555816864143959258453375045962745185345,
3346948964905357553896897877368480456869422545761171163576135194826388307329,
16680858525512215404772111981895966467083622632999427041546328773167188853063,
7571055250532668615298108431233670913697149536715787480405597968579220240071,
3522940543478452393943188053362971299897889015305515774724529851163606204898,
12331422395649247180745717666972684429446219931749081993052188287293204698505,
2017520342381368246105148187791777243855647665919001041832445914726108593385,
23528791610075158915038847406002160233366151803256566031199107461047629473940,
16329202500217976501498002702052835509732711596690096727749007445662977377343,
12102360793242309794706023604335478734167977709240577255574969881193737428678,
24135303599426181851249902476872432766475252448642048915532297864623055261134,
4383984877217757948256174110552442053233950388246000528660800027016729504165,
5069156682465495027831996515875659960734230652005284693092429016009605887434,
24794696391110724001160053546633847040665927570627659998059268228593134501850,
27443696256488639478118887776492848295944437223624344061989952534515372304245,
4809419548067508931635909518277934321575387600651550344350047305133126410847,
3041705254535881824107369772199754203497552096451166144801885071891774638411,
18976172359980761239204673115598779965503648742716804067506696508003742586775,
17161272177725146970520543847075447055532760797333603136399126755027565503150,
9790429286623394454200695555392419009893844647430956231122279404389422869781,
60278711293461230788214145450898050322940781901762087649929352735969249939,
16830887051700207165568635298375262741538715702964466124803926237378007223230,
12831364842672440786289211145723866219434185743484452384564884990927865268703,
971049181503041167150931810479183684202307568835407189139446005736320188024,
675394191403143056698790814560288656146552704737280828887936749398695631436,
2207879188887495414341871508012553286066560079303455800117155215600552440766,
6014745650852386591151700426621793840736873858487541087021987404821344702748,
9693170178702402722338342965540436316019742798309759940810493281998484649064,
