26903338106277901356364565270841019622119542739282182600970667476525453600291,
11290211092469263046266981784277142070933464607064178677127178846744898168339,
14212628255278766345174812256885522627938411026966312913431669623016793503715,
25311612137243372748352680680378610229923476553013915662421367301033051657538,
27045958182524516741634779972389198622342643102589040509166709819223502285469,
13908578078284010816530479261279414871855098049175706490609693847600815527019,
10497300553142343791989247925807432162861606615948827497433662150262103873105,
7376684968955183762946241144416028815665610021949922032637175022933305179160,
26531196973068464574874141592308940590740041674096628169500801391524237962662,
15170193040783440917482922615510916687226012545041653082239923655393145935710,
8554849924876618667422962384253457870281651246514171032488384050717213054021,
4170721420402215682882459927063317041817395647325445337586079316946339682283,
22924281401280628763967029387713849266724852119810266685838716874924324753475,
9420165315903882477719622617255004699480296174339918772607081816762264610997,
21943457835628019405536540273046966261046580124713220282249466436591209512133,
19735855144938608512793226660651315076351972830334963459903627223682963094964,
598552439739886632327117871664348904354924925660178962126380780734682753147,
3345534000340757641902126760196076877233918264273108331661430451687787228093,
2780799861749500960281492828469867710770527703163569802788420284525245238784,
27113791578882807018474365116114810830837708411238174901863961797247855189261,
15511801366759526829714220935042417299838522399386916416447279139799397514070,
16982306331703853386098458268936069990136685241067426093760803565374590696677,
6658018331812338210979074983279465599349434890432099981813212195332881039588,
10153015054586429122487756321022949232358152849911863645170166761782321634548,
5109387287128588771103267713832219177344464123609814838196279240157243944964,
15363878350537067099689786362570220205697276343164925425640399079688763617685,
16813070948345041707159314008949993895553530360476146058530764549829024657188,
18206370224813637708027276770173489307853878891710079959433640649380565241901,
15521154400599533316306819939482012551838476654628860269512178782252101809955,
15181969009146668027946946826233603770611198621685297823567510302691854880740,
12956539157803053018634919199444387070078473351802814010941753805623493459712,
9016678236842923515125010015015451161389491442994579865675667483748362688339,
22268285431627403752583702547683834412827632539917917152854684869384937080650,
26229567830495225771003306960198802488950768049762733387501441395625143195817,
3178996106171971813825253100794750247014895855590179507774800829088589868946,
5701775573539022647083326435059544411444103686222620097728781292637411491533,
5322518622095506923783296632223855754280194423158044767649244214361921376788,
9411901489259305895423263885925492873040053698990249900690838263595689178520,
12155030350845593054676056333348800803343089261991154297465268770314860110333,
23579890582534545940234607194089455137950832188487520581578879561409812059995,
23279837073484836960320588964874062948631711515877417556844620089915656530363,
13516809124317631813040820175582853253861960436603986500331105894057936570759,
27315446906777795112221465563159412739845868348587362649718620144860300089154,
18081302174335434729067755614145625421000348384964343608645400803209852778961,
8647530914139627091801700867104104332442539475489832928613145800141288646044,
13810119202832958216309168272955134287854717954333511048847321822953879580377,
3637116958263579505354354717875254138630366782434775306387840025286268403971,
15387621107291675161126058472213863911309393574806308533095706343556413746647,
15296373468444809471618946502097442840832461503907537421737942526578576318959,
4848202185607633258580694008280332511746694808413990759162317361910493079151,
4128696369446011627429645051244749183375454070981302317323449925228287823005,
14990890841120388178641705975509726336690397160521230415302781328909432552050,
22720205158153053577294972722398671783506870826494594228638304039396721130053,
3284194631882944529538783176852606679449925602112675464457700267420440503854,
24207873888204444921624332711214180098100557109826238939552985669697608728682,
22347342119590089672754603472075735240501109709740057237330214683302512285499,
1637662539832045101610564461827851457682910576726350336780725810801164459220,
26456093037902684982244505746457132918094256231474939849383181248687028875280,
3934532936070387373550015061212405403529119042403333217583123983340410306691,
18286415093847792275532876176474738493657243852074440349589424742945731723874,
657508305891506791334781705373165178165639824001233337760678556613830297591,
24504791063553571164320898865281250923281514054381424253921159620811243557152,
12126421103926849557700242725338249325971025093559341782673061396942477969620,
20017582635378333547716142455977023385541732800599454371869251689383339826691,
7508961219868045458952082289971027212248981171389971299249039337545718817852,
25073859683089043571833921250206772880568258498396878980739367777712283118850,
27800019373115076620541330009043672138709307925536868589274786683580956769694,
11732160839236558318676742924678005051385866680085529915199295910117500267345,
17917181109632390693220782179743170264227498241033252291796023948291094201698,
10104744640311628335386603097122119921657356840083600661241432184377283251457,
1101938699696282809357829230550346489858529867837637072966700181831412690645,
2291690196559959008771254326174043747511066246763779407206064178532942330366,
14669290317029144043347297318277711294525659374670548005169807803839626381799,
11537130014744574925667479474391369209234553254146073207640983007033288317564,
11469590354523975041735897664059298845056919909521295705484015761699340657710,
26189353977278444065354384734247651873222497056735423559049777616742538594227,
3215980627133519857335450791990551016394742276485216307679455929518552246669,
24804304025572871792080358760842603032952251904626352604595490927864884306700,
8015164777057137130095047839867535425151117722863839437293696108262806668901,
16936043001955541694269556978191537996273005125349925702370281144298131281031,
16659048894401855678263033254754946300717645895633902156472802166935243397819,
483870533384155579385161643279355588874100721049634739536066661233736145540,
5670576905603046938273360909247098827897186708128847163382859150178655087023,
15807816866326219236659732721740270760120812100715815164279607798093309284945,
19553185224108145156133680847886428167530588593550916136234240142117349581753,
15242562995919474769161415989215929433780349757409018558473133481986315896495,
11525749386224836550292283048146396127245601474103631463522398756700439119071,
24679972969732480351247621252338110384723584593654091559683359883266445011745,
25050731628158270666317497911544482458787260617395598430188761898616479989432,
96060606905384969250966988674154929814640788462697502409934886329240282205,
1302752762234648248565198016862224991887639582379290094913052024935763619689,
7513769938018748950862901630620650182120664015810899426068792374284627878052,
27803987513584195637174382993368775747788817588137868632457916026854406783688,
2973749603462710026052573137713545890852542477411480802323266435352968745930,
4013057676948814538996409006275749915182042796496253253915221304302606758395,
19773231676630052035698686690831266949905369531745847540137875724648229138946,
5129433627463346884961344944495138131820804810075168631916994955900220879663,
7732979325129739474072075598164119647813127014922269108624940796467920361963,
28480556991529538532751332851947241634953905454905822036174481234089874213114,
18189200936551362769976441103681838674618284666980380789871815933080265997199,
22883927384592524030056539763275621177836972038902128842812666531902872376072,
11925111587587150021677616562829295953782546623367924265712748723333418249910,
16663355693801446108011830338083159577321306019689437874352427946268685805481,
8842466045470400609962406942490859682427292896874370998451352612241145343239,
27247765242294507501008286213141306026193116461748525711307584858006612736400,
15170578849813301738800327319512665333096080196209201347226465296952308472301,
3167935079709551033117403311154231540548140223571557055702341859388462681379,
7634587076721349518728743766764033685954886859371246645914722385261969005159,
11647134243361909857360011344418404857935709191534598716971906874717401918879,
7882672215397260321806402350910942795332835929692930396768938127879084908728,
27252656173424878012457519976448806740756355411177566390405624284952531307563,
19444194902786488616561391577569520391415199648892750275917032076644892670052,
23088691313276381517242447133877983705746410752070965318208773248805335805814,
1284361205273909223740485269119017709455838079611831939477051430332239610927,
149757223959756289201302260376601728939876841203957634803408099769586807023,
6770381347025832972188254041192960286621580046208764442779956809403581851698,
10774013637935803427282089738531667142936241645582875932655054964882548465327,
24046347939423175439062241042770371705766886029243015444102722550459704208531,
27268141513810264130946548148972931878285312055417241099480059481323269905561,
11486039979889922487004731247047777811664610251489893738064341631109844869868,
18072654901563818026254103732715037912433792210739202036115188830340498334108,
20361295730675280950047630107920729550252538391584536585915748211265821420539,
28162097810648106617710201014992459232997478220513262058133407177418756003247,
15636775486552033378272329416917799243771333797882795073578935703375618801825,
16226098538970545922091214240672945897997990139268832381110870390982458870110,
23114391701419724746406445670116730744478352373835553571942649047790483347520,
19858752130986176153810176822738027891764208320073148178108092843463058477723,
19507094418651256573190811811436187502803640548281102229503053395708752033194,
12054252911509403887785434605157892911612703637814437905134219034913695758874,
9885579244475927734445765380759106578072656589878729497217346892571812162898,
8073595028009537054469461934475243352322746232866816439746695763970334443553,
9694657778113930529998894247813877520391413346723317631143371726146504603941,
16967415114863718649713621143600557756621078771457077394137622943283211312758,
20825715901004200059617969278826742001888910083536806033150945550430741052855,
1201047013031513844419471402375351543400887924863467588191921230269168952620,
12651923417241539115349202262458937355580929321312415440958387544691676538328,
355073650474557774763721572262537098981820330743900809894134778549914529025,
17999701158074439510176333103457169577032855675942445116218347638204952713260,
21593848777980624956785096568550148998926176374254637417161378694024510980292,
10959351878751858815230479135612194316981802615082289295682344505987781522529,
20792763206647223725020282632678907887237701313435913556376397709688041508552,
13745689608681075634271409841807485443254445859787817039507819612891732382148,
5424353272157434533511367245093133754037335767811427236769264580349589288699,
81019192243352114579080635632372125442210432458529607040659905638581569472,
17781248359244331493706668748481415433454596457244985500501737046227670082321,
22757266046759925966072453891146094975228782895941207462816445688716742514943,
16806088174090381677241741526572900270735932079892738342892672740265153679464,
1712761923351523427745066691487386445233011857479570095795370240601927777862,
4507911829837634416689390394773561480685863713228899547057636773498528907521,
3919872831883657657794899502381063207669375081759137762299367566229794868014,
27152757067758004239236854726963455519002717278573939537545278596225976722302,
6769397697437287821628248477898486141220534985947236525393586120543865171323,
9233569756191583882002255674380313568009084445064170625337606823419362114372,
16375408135512190430399389040980375736909092900974133237513153341452405297393,
1088745612036966685924978501221835112536389650756489239939694965753986243486,
10985485788666547013317536407791812710241641375689771016309790263335912448798,
23618252724603494569413441474339190057222019123117576952297285153253152483107,
23835339102621133210081664015748538866705166000755016580146478303823938944873,
25358831389265481279207365114365573537409953883357276102632972909051826341294,
10488083572358331105800985262816029840032421183515819940156210402387105655903,
23060610196976855779383568038550473557700740245832983714940032241301834331810,
11791223506152422638575036355557214832854929517394027772085643935175324675769,
4387178473363013002220701069887816339766467064721171804127335222300915574434,
25413736796989264030389610572381708040363766577731566777277201967959577255919,
8447012962643028878547183762343025772889796671759675870191343981654696564301,
24476738931683258461390438495379261662925453347336175823662227834103675355047,
19447429369126674087377001895701638080019491491628956262506304974279042713520,
14224911481808502854297958531376142955284087817042356967957747515968309096655,
23840959664568499323490476266283638367356976974653719764616905021586672545283,
19536900049451755482951922052992221943246388690555969419173568216481875942252,
3752211624324814129814860705299617065235446487298879279979135580565843019823,
4186829805838957824956868449451641980792287365794581654392086983226426167103,
2849897691289283982383005348497383686718438974611551206144860335388223940140,
20345864833966229401394990641770865950906954387881593975169455855524580718755,
28512265303914355762491930010436102501130006421401560376178535528371334287648,
17331601531778666162298061153199329006830648811087142338913296404306386633778,
13053789768613776003813278162838619725576840654935037264545677458673641374597,
18811089184668094952026992957352316314562582457213025941064789821024173750246,
21927763574127401858440623350174947542421092378080096883880830670372838813139,
22314856414455209001097576125192733361194761687053727606545273307052033744455,
5963030087901147263764389546688447178377264207761227992113445269302288045647,
20890107126634931124400760748680010327459686991606704607560760117775139997850,
17906164026212443838790978208523304941697360109846580680113788937317200671586,
27658901628709360041453381857499679102581911557125213577469365333698756531009,
26098657554647768979842095754585651797753717895409632227464379165176977444541,
27592009275825643890151267925339446511127954832571697623981997403160402544599,
3255223751134596234006997572074577193868843427967511346563360912859593327132,
27420801123244794096667297948220510478179805134961757346473611039225851507021,
26691694762934440517351019716140411817439262186460986307728622890622568475610,
24640829745832575369017148476972725673301572152978311852048247314262077925275,
3903495248441777607648318779631215643931817695377081039874967181977586124759,
10649913286297129462612926095993961591833745424341736425036450353654771130708,
11541779881630023288708913433092247086862171492989247706756045203727495997473,
4201722128405395847636482737126995007606832745604868568803707738060211070668,
9505971274301565603176925352392392329681818931783357892744647323640378503942,
8369285296108780329100226613507538604771367777534075709477098621209500128798,
5055118926468513681599231516712148879199652151787192664119967201613136797288,
14018728899154143681426211535412413035432632513966369701362528375806780964155,
4009560538517243961286877798314120326444934568469968517256826523507204773730,
4582505123755682863520702328701088708956854865207998012106001126000964587147,
610594080293517931256941934941755511444764791266446095329959066740097942027,
20810920051673829090377980911921644373945082485611038750579735137094149344559,
23270993125608801301975203303766193578695772248225905882004737387010681715904,
20715204239470303428596945753362337232503829709636187237245285363528464939791,
14341348749665969446534862903563220737374403849003968114604755153295550967084,
3248690146802903506040624864036056273288224716034974557949579039013221963970,
25451297492328099028258662103444596963377490341604826642566364560295983017582,
6850434441817382624157350976731621223320798761862763666308771000025392364382,
23625343612458897245633562135974919890042196416151730091476604493748408351003,
1283324494198434503121983222287180282529724995053995569953294611311776416000,
14999649426898811833674664845733000793747041680228605888410999280153694124639,
25747526188432226303306770363146623362487030851033529960469741327557974634099,
24699577232039317756518886940800654476886202837598362937327201372254993026944,
7066252237841413489249913465680621841854012125898834056082484533108573992404,
16787742828708048780268581395252709314404704082633216305982638557285412183053,
20566517593441930204296324348314159380490257422829362572494545445325241185738,
21576800733980676109471458675867196974242937249735632281823785416273520198714,
28211727554258027050427954603813117871497473689220819223928702658670254711980,
26557261513339128249582815330908834485458636468702525196019624356911831376903,
5234424231608819940385717430453608933591162255120591860158126887721275545412,
21538436965727811888212129843005862025731512592475795352163932734633097357205,
2847938399580174327913417729985680563692446127967374799532542983946977616054,
2932738965039439080751164712467235090112547475797341204313672271203222953418,
19038166454813905475066301652087413084486059868742610990490599879251609152763,
21945792152393472522719342973333985345589966701447922143798130664717356948960,
19068491105327263729892133912322364587918219294212235825907062417033193979241,
8467721657180693044665832591672564278998980584350987498848276096369501449971,
26241345269928070601952790728020455231643677662478776693814104540392174542481,
1516436064498229653356565925783413102530853630217422293261447570155800254437,
3507794532269883193330429010334191309114879700539923522990797573663554047254,
19396618418664090437868487378907615623367260951386241987444297858785397791780,
19102793513519509474973082564330650175816646412513394265637326144609755807794,
24849389183197650187186072285637131739184786615557656343730592504073879759646,
28271058352708933477179379633156902120246785167324417939064896049981688190896,
5204504121674453169498600639982584571261186771100120230408849968503351546347,
14722296768866652358185456763393239578923802269256264580335775399791391306251,
4083696900615551546222920106227905015886381823803462755714832434422502838476,
26895450859348697805793148410079555889297701735510458154911374159988932909327,
8569068232256822133286604211658376506620181134554128875775018611757479072553,
3828237455948262894170435892338942265289731287865070356576810556022238294346,
10439078776463255851238560508262152709619508152057920146100706157940806479942,
9881640696130652297510803188340029961209952352149874489859435975204500208821,
25201733502687566294755054586928970040125095167338375788006819967312314177412,
27000149142713647092225705581325078083277878757526144954013355238776404262193,
12605110529902159417681082163462115655520175035998210248164700875744491369785,
24956793996952827963636333734888924280218344092275156951664965629564930346630,
18554667215138044869200502398277471910583795723934000986061588584846687045130,
6385320120161788433336208474896739374955913296799808660530352689158255932212,
21095389352507760807774101332944552374617914414445531874688693256511462054952,
12115166163811810917907515357406907680624943169938804824675521235951184538309,
27793599999321690104892479367869525200265821903107720413662735231906862551328,
6260137790913136511627588003930448860395279825568469085515168462505519585674,
21349624402236282353535335690173368623547405176032322443952653805325053431699,
4736060918707700891465704925874331347003495023138088037141510646383749055421,
973167501845424203889216140388293189950584823763618767043163469673565966581,
18965255241296225976033208593531238205897057161461218715627406313965946417269,
11572640774341406026992168337848660674075583357733070175448885258738543017791,
14620145016690209836290731303391111411790147973946153951229149878733532318808,
18204624067943910845119825862839315287252485521531719673841337838078656760976,
16020585853989455726485249677500506267602267387289242221719354772936280329408,
3732156986969570956410558438559942040159564083418403238932774346807781676516,
18101855177499871802243623381375741604206593198328481747364073079707944411988,
8182933291396595215581279133467196316082403967544101272137831546927389957449,
1208141648754800977451213072588247794185641235006031493770036915761677314849,
6604892320189801261726806959025404403776086416113850498781384470576132491510,
7407401402974173329597237335274508486258333485328500935083848029519741720764,
4234557127290808074150899282993520762792111834391497101919496071265429059566,
11661083509361639252606672306532391860282048163526002720503259944041643951832,
17669949529417742078815937065400073254965316614300498917240588384174253575285,
665842671346298152748633797466610717223667773629941340211033070777499649981,
22206758333982274803277064117462224649249847175823401357343812957887104455168,
9321268376450294670417430420953281813371316871554889383667424075763780383928,
24520046827684764628127414549482927178613458576848983113475839187774240777392,
9587411693906782026287941520743953076551313866294985870993532065445215422412,
8705598015633775764419425578975319413167350615373997779909681368664943031803,
12982232545613431124569226833352711931150893676927202085139295285237640778481,
18046634455814443572962346461205713704071959148292200043684789643312531597837,
14334725111776844777937545785337754177359079116262252068786752666515573980135,
26791601936023971374350576618831069642057873882199450449666487152722341522633,
27659675839893197563097966441445275481234871133396075289495400336555286260864,
16982990493650236765343386189446671701472822513744641556681876713353337763215,
27827454225999136168734075841832555231651273688372593488266726263907518923825,
9505067233270496122288211178171547505623152443885304486129375341637006088468,
22922740328019153586814254284203322302478709467558233029636063476888929020061,
23921347027748143057439345142488300573450527120031232842663277384250027346423,
28854867790322174419749670075099419916291047330899873152436857813544484308923,
27383896238454577029132835708413547178939841646269463743180196037845332474377,
13114943353477666100919536788683005401814302593600310327936034063916065963126,
5436714112996152046310751572702627214531566885332441433462943172255406792946,
18348356104597433426550801520058202387642592521079467896471727299266680182233,
3331816851349501698775634546627614511309773449147184882841508144853305914610,
3384239870467672579728162942398865537895591386844470394761356671994492200581,
13635990419960709029468693496356823837276628225489228754485920324155912620670,
30842188393088657424345441141840206962873363323267518471007472492028952610,
17139446946401216018776447943118505080953452341631676835457783202342493236401,
10720722212651172125438877072475402473113792905989078912069985074423404397144,
3173827511955533965414243744705151135966304092820183087175062679215239845454,
1907820917926367435392269625481448116840251536853662422149227333528772699296,
16636708280966845194376395511743551915718418080031616972424024616834174532173,
22548750807519728553385360029870133579012390528290724647949575500194764576696,
6492458845256753179963387899567240959781515342203705103699940825711451075404,
11829738591452811689679654476097797912458036056476863463222410583259553453895,
4299750729208777078653372823025639091238039262077381834982121417228549681907,
1072303357294011473498573782311120072261079632116551505680212786364551342438,
643511796396736926245417085619073309193424776391321348723670713756378431016,
11066631117007812050538536601419226477098497202442843371527704559757436762640,
5366594735030256930274038239173415710768988009249462319481565414904857251043,
4910969712854540095173517677884048457515315007638154862940956198489584479616,
14656965378783155016039145995342364449959944524196623163722924894535409825832,
19943980673368980181968684633480929454406322809763475818058897751421716645474,
19007368462418260935357145705873540569874880207602844971298188608333293030423,
246670606277737500190445205699627438960630969655300742496692670920216825311,
3815218303897221299924547156381853727471958697506912096631149481759411478694,
19288672299544626814854742716608224110915453651800290304316524398683184843812,
4333469482157906850176560516711812352633616933865475882337979633337165772481,
26872977202011678946360184918517433858701748897636393233167262548810796126823,
3767569505154078168329401936303650558977134734924157472386214976738609918717,
12158851599597246124964284871107528942059149675483347331514888501641563483234,
21617450798509936938677483538891607774238929391507666979393805250190609797588,
13380919772295644936809545588340581965095680915188927367946681266052679641244,
24319561028201925130936022443573891602348471748770960102530852799750656629157,
24848775675584670945437303654498845221892295506631805320355072823635220725179,
3661918652891850430373042904689117350915685507372876651631405630573317612430,
2921267345845497378687803895885339422332448181438938251900307380420679585631,
10838646175726482916929422830306130424262603068351789174471598572866347253229,
22166669935293809612558172494685755308615280822446940208290761962246201365827,
1138464592243936851850349040419497953197051289603384880727116060929817010164,
19882780343762636850781575218969444530336134195606362589851883483817127033884,
990969532033312020588861418195176930623062332259200755024389339771871321781,
25469692125360395009982880931318779043409594462135953614554139656604037260124,
27292538696038866066752901973068631426760244783569643247404455283044253529810,
17393332190902277292998645140504874605041205888228005432951269975803826592082,
1487861685449031475406813560615931078971384221512982574044400266406135456324,
19121548787493543405866558514772466726901796942689250301234956393228041624358,
14074758221240714288623934728353337602595806587098899091913956692737791762802,
5672501362680325890491424872393796101404836931302721960098105727746341862190,
1195457590269159486669974334133071136549429407426550587827133068880986338744,
21166491966238809150921166652071516260909981782352279706660910307884662214576,
7114143908830365808090486539014044126787216209188457390530699578242791756493,
10455273054965921557420266878388339178562748607297199859421313219745007202788,
18664800979992206306897537010192612541778819935758015955220157235336872657429,
17277013583157568678452580671643951871885962088764186168402694512988585434084,
23052392597140683899935635742886878367461773051711339654363884974965627516539,
17537503969351353607757644056103432907166161840915419522706795406312676057494,
28581193126350677211692258335810716184334026518984703860021668694111330015248,
21253241210798578081247179358569389526881971710870138622089027659912717203722,
9558538532235699208424319755182578419888387290421044206849103403036201592160,
505157470445726776438266040041761197282343486357304784899085258348041464995,
15338798181145637690095587248993616443850173501750433143083770371091215053930,
9098265333560317892627654288063649727679403866125217429380982190844946162057,
9287326867896217523056739527205349219418979845130909457606780252904543398297,
9749348545673188349234796207127060691991405337568944722596062318629861769830,
20012966608013354240290137790735635269851792403659006125977799789188634410501,
19009621419228081994739567331620487601757461353984945459896402370305128579089,
3250864280035735880204589733630946049359954291787688727292678091942098201695,
2132154710939372524762785027999319427892909523225039581406791291491714099654,
20388217718863967363244165413682066478154317268623147112214178693863854813733,
13776399634857948259093919498585381368116306907724882381121779734815122421123,
24923214957515458542164971420442280524189854085754595945012705637713982619555,
5932907885754925078619601774161982108551082672706679681699115909990901556338,
8676347846332141781657995866386641529822682007832693434762419892031330249858,
16234748669155876197771433043619095578068980573266617064679954943601662100840,
15160300113863318247212040911286916705323125678051895597206968334976694493851,
20999029519812430276630127537184322167818758212367739813450594085460169520125,
4794802006768657896097819227964356359509025770794787414588570769838712837303,
13133153133630049713045828360457150542279846011536765713036464892778405497229,
13719025191026541474141757326687062871509647554921640471734739829427088112800,
20412734452658385103116812727169850866361406810922757267066344407356353239323,
10191884658067367221950234071030897925955351822849620561949079635964904016036,
15638962249508814430677983226396352130844817700382781330338831404412846664288,
27759063184903073039475529526095078985857302400948191863877165169605395343408,
12665137882734649636564646070598493020331118356170972368560893270219263578908,
23288432899364454397513754860860012483553939482669447623969382114340375925186,
8355838622678664591402940597201271557241151541609997428926822411176949358943,
23696624844122714047020119115842731609059912318506215924341473676092014027389,
6878294651711941974033644850763157973851958437887475988966137281174350727636,
15723486097613620940587287827580118652380097472255764731003158260567309257534,
20763425023383680426843354967286318493609629448002149872473227906995199164196,
6017811115592237969711960660361161010264289422626793222833314463183057975344,
12350767468372712525258014023805851056174669601528400119187907474919832994397,
10618496975305450347528363499333329671620113095779329454166479684302252039229,
26152975690754053539896704223457858709830860863078434875749845074978525979719,
12209402611737216268601714322921117410993220085893087918951040993758847653725,
22166087090865446863857752567770549710052482080947674136594614928072287998609,
9000462654071640637410818626963701427445559298335328106233916993957329730115,
14902571189415205347053197263547118162367473455518564743869065688537456881726,
12270683311756666993031387452651597792814929964253705155513072402177101242727,
25072736012747676300727705473226429738178192570426283401184099624325255483869,
26627162912282501110189171333056329373528653700988220035335322596743684097774,
2273950317236673962220947502565170472843350478007595137366179578503967287928,
10713149276326908083877439750066656462051328088001794255037532247859728148007,
20787884226630150262740997347095280511316308262592096526567800900056036849606,
8781955002547002009615715273655304334668921828723497622805133253074266516660,
26524777335465194695246540895750388299928983050871946704507070266108033777838,
14152076374097030141456927818958578908449584700041546961921561719331627245908,
5550170107797256150823337481345163676028640048311489365024684160693916994388,
2985461080637266052421251565961308807450213870523720994360511873902736563323,
18209868522240895614883982695214606890613206005072764555832046090087429854430,
81288646549028234234929651198413661118874976438997271457005256793968665509,
15765434016709128048988248884427112530900768950995066350325327743597342784103,
14476415232368468721178401499885168106499567589990024341396370506536591995890,
8363043090739596339474365211937886543483609062005073127953133926913219095133,
1042452522882229996249961862189130590739412332032780491705055375825590166089,
16469678210412192195917799421117918932584870036646269591732952556122222072144,
9481767314101525131017578540552945337867061463590104433818962775158425617673,
17184681932226499480735044314374998226255440908497295181635494506052816690692,
8394714350477469157194076306493080909753258347000384863177178405165973623919,
17592819050763137676041841027432369434580196260062847278467004671668918547582,
11901630564984489472942966105782455442913887998159510888599556854977960753336,
8221254386498298230510090373411398207238576327844185489583472562179538657941,
1267236205130924082289606172038158233393290932143689156818274080576723663704,
3601141505281833560888761610538075560435887862662661881030047432815713136918,
13785953036637210583610435653128219553198001150346314019763273787926958677650,
3183617626687233347067391434771931242140371596351676983032984672017447873429,
26467302849259297606431768216879503180822879329927152401855429915618956810364,
15875421327831670580345862720223738454930586848196312813324015713344337875650,
147211316403738096716034261113941918407348035430587916827266127322560693226,
28874708476019514595180427117625821859159813363481969264343490625317412915056,
13475004006854930094039918010895794662320876657242514946882707697307928839083,
23283910854168079310186936811389289556746234215026763023443382735287274390607,
9053477905618249982974283520522025456430042329443641770974284967222438092006,
8291138150140217721886160652881744764590682448207250833102225997151745496122,
26826820817658987986171058058622015360228218187939524655058094260684182897607,
20372749552906341672751753189700550756743997927225084348831784955150217106544,
9936034256932124601637697176597848617872569647225281110589275073885542414284,
9226838753030334835065317635327123015508325570435555843374161035051598993059,
11551396075394043319420674476841913565301596582781970769107952405535942351618,
19378596454321292373799385445430856537014226654309370756185739572977807120222,
8095610106042214404725059742382503298822016133207651202742957446819401596013,
13128176743679251792748815290720931036620561176865806150074082289341159916233,
23777238313597011273354362348255989289923187361666470836683447910542190666831,
23237909970415925590118594938127510267927094984599268352949024395146503114449,
5581818908336062058349926318876591197703504679416871130622219112974644309132,
1463347926376937640343533921504397393663020503552945040667220613990465449761,
27819510112070690514640207756634219882964395471997522022058761122417334525353,
10379650531249479108658160744812820422225759786856696600274821328085363834796,
15145052688957129125718550609227609456666139535413262051536783082929503891573,
19821752462905783369653254295989342170926571799410465981987119887977524348857,
14321529043584493799946400131248415655840512233089257556217970621560945318570,
18828327334089971049799420148031745704464284039271506169379097554427614859559,
24159758846387549755224667276957284276957437172599685793151231833588333223038,
25366291085952958698914917590394149627452989015741431696430573513587213961375,
11780263375941138543450394726085285370045489527333562121599261913580729448026,
25679189980563342576981681690612836844457957897575571900341796767694192546870,
7784636362014663646201498768109306972783097913928660115478665495873981203767,
23401180178631441343681010684590907249956959966688193726848399868199825151478,
11552774745514308273459642301248784029852885743536590490839019214613689539475,
10690519696718617236265700759201489283445304242989756386268953112469273259235,
14545724769640121974812638914557846614589058282194735999513089153454904834207,
8254803013763924240759951377218576799807445059646106025729080453145498148254,
8901963844925734071594715575391130799225765133598425875917386692790209407787,
9097560821823760590897187107026954617982518718972742165439085634564077179690,
28113811010346110981889986002749436219544991676228002645786328518313143136026,
21606207440805310247924285710467210940449305683337696615109064265343987436,
25486709291325541696673862184163851587529104914915957226634884045181436696068,
12129303941549641660462359422973767663663509542387411070213536185966941490586,
28290898506606179088504789497239614514474530500375808470770244174663411939568,
10725325909074013219877346506669068774734842011183431853950549602721340838866,
3476792792053907297743325775477151958178283654506486727675877862171639924772,
11397472999658016139281455161744449424297088769803806936738137201999096884834,
25980546956960808152401239891631253574571120391692743133971468990492984787073,
27982192799303960501184498536429176764349638031874624222807261753484265376842,
3620903530248680136786211257350461341552450123579138016684541358765102208609,
20292936829037564670135785473244035640329542497589440000111767990259540206366,
2599278405788433942142778363039457184850958867274247628911689046275697069869,
15555201107080299489438858678886633217856151615616630920874618191111319382787,
24015315067211898280300295715095892800498055580012245364904440124700091669154,
4413669580261767395800848627634189586101113769462054431568831394584390182305,
4110942333934735733383094149311096272766103273452234454025528897677257947004,
20286320364780604990262427249639113014451378628568365077672044850480427709087,
21275697475960545353943254557052321321422496058841911750107698259502069915664,
18091466999251791655297045808290871251326303131358815203800733062249972282275,
4150187201578287217249597641721067597883024579532381694395465784568223200108,
6369584474072251645889176477323797602565568832113532866928769300309069066627,
6598747566015528593519855208177996124509784123743826877734232797596326361306,
28264668860547873341796387113255943778144130558600220880136947173715959833675,
11897843534264178221478955633759317028615881295038440372889808790869365830834,
20718070523074947480856421136725918156740479204592226098912224490475685897344,
14782680069096226163143337340582063632760638525714036741251992576504400830651,
26512175072474848541434235466557818801725189515873754292369012771244389393009,
13404965131869445821325068975676018628815466393989080582404405285222373605377,
9555334790124094731352611810546873875481752383733301779959730093262021405697,
18473316904308482105093194426754631504322970650097656059989083233298906354558,
1182755955027520800902681727891177793185589717978532867475033037240259723034,
26945516421981169522302045619520515992170385444212660028485201187374135250083,
6678610324535831753775003936914348909660877254579147972785257622805260610944,
21919186893664965129698181243337119026552882979725067339180764195561082323211,
15066926581156683807154272215764890782015805879005346582328460930729352562054,
18907771301551963090574519107906781819613559694265137442442745918123533358352,
28330086661208990216976470898073739025980714760301612969165488924146144564741,
13675922797592816541248486753164028423480446840286066585630314290466177967464,
8818415670838246934917045658568672390737756853654406863130375473827102892666,
9459982877777139603325616287412751692205833302018999984369697081109337158075,
5889547463459419307979287092028606129806863885019622557858444416046823862377,
535062907918079574611560631601796200384203462495315394654981253521138034313,
11634102353308445635987078756424291289018418945391337981342229638777666143447,
14255391325368321461410694172682515434878309925224311984908563042853280591454,
19300947918082781681364433806434048087224660226461433120301067554183482641625,
11160676995556865802929600963772172951555549830597190377707947607969316643649,
15460708099045488899900587145946427074903193514865822433672962753286377426670,
9969687407751829365058772427888440016411670818444135683339468327193888333110,
6165839540734209931666121984167982106205665502141416078644206564930966693587,
2537458094734929949138570359148617831751699214609968727445438948911935263900,
20868692272080695924507892243242648292126293877403812006364191006643338262874,
13213748605242075205216638553203368168895313553403662979121757206444529841226,
8296193997321891621675710917911624600691403749420658112952306569718855116961,
5130915024494116937973605461744137271895266533104525961901178064435569552319,
3475240459723096186375528426133973576678435553688192099766825184477972455345,
22398461196237979365202276153935940260756413741528219109402296386637605241213,
5123487633827803401232551588307521618510226748957082289825440715370318287705,
3681174784988476084448043906384890053952652902002530127773420757684428470001,
1382912250483419536409256149851610984378537194624096715048574111162076415652,
9342756271686465479437698203170711738669033170545453358095731373786888459456,
14737741073550234584962250474741169979587446695556025600109934651269594696080,
20583741449742579188735025414026013291713925953253701592410491543711095012242,
6449823511141613118722136078509109000159548983058878702590843114829507300083,
7472427691526647002596431218925874193077185493330958190812322345610784904590,
10964687395472958023683922228189328394456450519108745558705961512298375428839,
17021284297812109725072819442603364520908893920310795419970097479921406417225,
20117577015840612921656392462727463271537295909965022721387332552226918249299,
