[
  4844513277385895547578596669280046666372576567380472439333234012806535256931,
  22420227485671588580194914215361958133919537309433003325602272145024023440222,
  3505906565384614297249013623188452104971681200991017471148427242055139865693,
],
[
  15918204248318370126242808206081613758525089148509539575126649371340283647612,
  17094040714843518372934853765548613673798971581804674915582475057795168500270,
  15812769689003694604229247543370933348074043003262912834067271177893884949626,
],
[
  20880359470746774736726481852287259022559450533689220298394450009637377072100,
  13164192954509875252051728398669721690665762613581286296450591265062029506148,
  27123552791154096240274588421608257979835967097480491934880175221940903501553,
],
