[
  11387343861500265465924897728538855847828032118678267959259174313381587592682,
  25084290905730423360824655872952896250559989244470842824551752270467620652436,
  16267668001188960955374514749071576316341986391550721814205516491263048949264,
  25304575440975001279214934953854926360509860089265360931902121357337653179427,
],
[
  4703443897810699890777465875896130913707795921801444134193394858227923205509,
  27501523795079131654305048761227899923865323622120751871969602058567812261861,
  20007455186535962803993033467416810899954052505009978791409942239573459473414,
  26742410211844494124183600996763647646671000938100312127637452909344444125305,
],
[
  3976947203680494326332237295277271998924805706215044466459848245526848176108,
  20195109853403742158614103253707922052497123211433109469273227706371470330954,
  27807389282581555602466386163640827768700583727311690952169577767067580080897,
  2408451841756279941523451528747807009390004190987773253499487289835434203650,
],
[
  25092232089176538876891486678982508571718882182842244684026530836361519877699,
  12578319477755648771086162200897017632600968431931181178610106512272954763797,
  9023469207540685112680707571554209400881761089188076343794848314043997085065,
  22062663908091838438099317636113952504425762532659342786074799861741294642293,
],
