[
  22659103954725318458351731892276371992305369343800722773229518028338936890530,
  5624182070847738303753652905229218965800875048821664226668695416048165174642,
  2744884055483702859014868521784813363260763607306359497551803099441831480800,
  12014893126533773688688125484349108641318094874837711501922005559429354539635,
  25548425550021793590779611273796091427378612480754638501606758866718821181657,
  21624687123990555039130138195554880296035733584243468150064263284073922933345,
  26576112366438780748031892133979774462028109549637294849812100153944458300512,
],
[
  9179648598946680249766613374138611463099275935514800266673872913020575701743,
  10574350600316695375170748713119786859066255418002863440288386526533551818256,
  18139426389134612190483835440309499822853946692964719794612869590536805802840,
  22460565863641051082301310904973006184498395373632093779303807943526311666023,
  10825435272551394046958132279527180257020254544121810748778786235579257812260,
  25945824085521450530231309071942052904812143362444510900212360645733875825364,
  24567837319793933803970002449509956804209975368848898899314412685307126172125,
],
[
  21113791187574551059445685804546443393350334436501914228653870800435957582509,
  27441803197521756276892875321225834798311749610496448767097335034317865500785,
  7239878897980200324098643403591078659338366184281060048849162557251764668567,
  1063869770027832851479503308683677002226487838025137216466749477111453409935,
  25435818109566808173068128738436641395699366957854954604228034184834464510654,
  6091284272837029513190848749663127959407533433927588003387155419210412838228,
  3341770676008128962980929578214426814011470833017737738142582923055965985711,
],
[
  14289761557324743319413875648901018591688111552101808103807968138071074964832,
  10227245550945054981040487705521877352491187355465883975771341144490966725663,
  25680953008541518010672106137555630611030576903494849347208867201119147063605,
  12315398411945159242878450516043710450238869300009251356268476430061262599845,
  21459943325940095138675486052184703553325657873283331234432979792672222069178,
  7784360282560112940049668385821251649965054139991887608868328609537867986440,
  25737680972301868048704513284686668252412084510785258426255641255679697966023,
],
[
  1593963797467711869403308130951025653422131790426591508133580764527102923659,
  17295841242281502442596722947863105634392391290508797985793004610451283166973,
  16912513952847041798926796295968191748063741553979282898528579762860848990401,
  13295366797283432058209322510371199724546630552356975245477157789002123928493,
  16043289096551867339949921605061168638995071281265451691893481583619207908379,
  19174346583309920171404894774788739401455742338569803285246284500861511211180,
  16767486145623609347652347643505312407586362958167082464128672419850525120337,
],
[
  16580266108912985189045759589639114443023479983225845845692436330417720472926,
  8332064763239180261416460170945567448484327843461916209048248235833689114041,
  18228485544810869916288741441523607858248315758712756674254400758118383830522,
  1283922420037934665241463632779558853462868863044969499546791638667560748658,
  22296374026254158818537430484816563175626207401437011863583113221001910280030,
  2741243024734753561132980368390394363324121158144705741857435732471782952624,
  2731859620596045237974274122043821555242148649903984564089369012263165692504,
],
[
  22585877198701773621680662795151149946069493439544901050122149009012932848027,
  7669992661964662842947099764623370542917529993106853991550840784733573078986,
  23799385703265422304677894358973914497604440150062449870463026322323116423012,
  5554449875355840385295464916953925790177461751509316009137819162164276438099,
  7082691261471048164109365975113644979245758824849254211361732541462414284158,
  6389844349161308524927129783321310040399625260359216949102820144586285472403,
  19899892011863062241936092664013797068902868548495552158575011271624881163474,
],
