[
  26102024485027780451687402197696180289018269891715981905175531049751489803011,
  1829000709216803930176353166670480114250117156663573563396492008809214348385,
  16272873975827894880161161682696247744261040800054588609674517596011511281707,
  4949851050436147666841340242902845904237511437121919613035510310729893059040,
  3065669769676198726497757176221957413361786600307317068196183776337429982050,
  17890807928090361345928809754534696698361350566689923999737421782339975119346,
  3359556406151942084178063767067483315567378034489633495580712973246860304400,
  10452948453651996848923366586838878479405274900645407663960433776629074355340,
],
[
  23607185912287528659405949622119097042596084048292617503899570016818829846447,
  26605291938575970146784449017272515902519669410858417235159386878243138895960,
  16764263156606787171318934786530791195063403265950517294074080115634738184786,
  7384137969522484182616941275043516677977387269362821380110153152665110021442,
  20653930191397763216279921596012857314429757613428252992565688581623457247892,
  20916679231588236957434581462515355212921353746111975552909614201476431265449,
  27976232902864430693638489236010487174567796105403171330394161376305357293959,
  4859518280563351558422210012347813059864075062600783778752906883367670837492,
],
[
  9018886031954222092701519413871451153798420766936321297009514949545172777667,
  16750957033177209047273288070647001484758463287508584397023131005778552553790,
  11242433109993777350630696522567578271478450481555085959767547760064857489538,
  20204695248967953639416766774892118103068990976250189491356194731110380863256,
  1981999706513671411043459331748904530684678850918786237904867288138409618796,
  25142990723582508602114145009119769352434885522677492875569807434456647518854,
  11082394618464627396968354864298339625249381945957493255317426901248328873148,
  27233577877744008581076259853623450218714027656742193367270687130458019419027,
],
[
  58156225041619941244331475828493862816760240728785286990262516615538745531,
  17675232148987286484602940875216642391109745347369853531212774506609454364099,
  16428379745790656811445528343671197572602866768559423768814172021553320524466,
  10875527108440759964014569273378058302901818934504670668716994274005732076215,
  9521087564643385413681156433124056960109342495482788045114710306579064260097,
  24273848465138212558181690395777997545558601554410930493584396900587267703150,
  10873905591336929390708033849599181632840480150365966622567921025340112792947,
  24724752401766344315955667767292997368247569097280764519914628240980553433007,
],
[
  3655249648825402606877543561247592681554749624583845975613163767868592097457,
  27084659997807524739116818443082042838000111092736977530489947174550247570434,
  22489411749590167176237280473854647297439997939897943462734082517414835873335,
  11780211273972183519250866293669708457930526887476027499414175108682519520797,
  7594667655929324711423918187239364222880141833505603842471707970156822676843,
  3006538188635931217589338198976792695421829842045973468966138079250077343477,
  20910651928637400118349636275010944961167488955624060427516119819377696205505,
  10776591275325110545663675387495667122235898026395571717900532033619663215330,
],
[
  87136097468644714893504604119834600912290073093984733583991928927932663617,
  2190177389316394791558049142556162309526664291310910426525942606470762332078,
  3427434602006158360261629808310561034752244122519982170498367355959300060988,
  24919052764434310343843981521579661380632586481049376224063232385769007840735,
  10928250235250521505029098855629534612536159042365230241536411113368395787822,
  2567740286934756158166475882809707781725095276296859646890065174067457954658,
  16064167432209851191362156952497125654450489148746338238221866997457034979521,
  26522480578000264055504117097065794120625924535953364158167763727055913466041,
],
[
  28449387777629061828903230003357660412206805888680398135071438413154866083839,
  15781128146310753002380259471578656253465523947624391699744295417015140645563,
  5350796152333539727469483797567767402942322392871470688127292196543524901099,
  4464678823918882337357511703733504761009174891164566680083719686431672547433,
  5413416860032651223761729718666338016974334092247893975271283564613307276172,
  6107794737437053835543711885347844863879416888112227058131853940889016272487,
  19952186986579026933330742660292358231360445585142636280979503656447768405824,
  9178346085682272896546007981340571667458382214168013082775321256800317276991,
],
[
  2734913760882270513723389694533035670409487830622112405340589829262451095942,
  5051249289521747654731567862237132791325910795688658565124723863934319919930,
  12612263545969102860724461481864129390269542383376458456839403194654402272219,
  5657520570194252638376467862606795210715299170030492880665444811509309168936,
  15760902499970400997097878901252601869326375695044881121783085611477678000046,
  18623694914618795108422720337976075056343303320311090980847249208187736697187,
  3134906307412737238989555105974523656913564741641525859958715847458868011511,
  5364846280379298693720108655632532020890758595497848962820430266424348129612,
],
