[
  8584768937852229473191256463296973811169531954821317319050716573166985504485,
  4203062862308007835770440065976114644713743716752947767393123478267957212011,
  24396788693316235796597293419065403262889545945699856463265115806775219386224,
  14179628458109147974564114492147300893556394791340695844042618680131320684719,
  5824025272450901349673811103047196576596991670369026578458317982215901710222,
  8149727961446355337271382307014657921349205170236293895184327650961532667884,
  27473896908555563969354683483684966217055255893248823779048266771504186389438,
  394940699394617982537652789034462518128387796186819450022074415427878697515,
  22633950443865555895620396992209048859552923175855651395837909204103523136428,
],
[
  23177268821997107808582400939263227312690747111229743881522080629140262503378,
  15672694435407279119520246534065335179601958872636282165098807130695113754399,
  13017233485476182257419245290534556988195317235327241737557543580947261457813,
  2180350083062700101870775805474069626915355263373672100118301843694906696010,
  26869219150511397105805074849864894846874268807144387295925718377675992178883,
  13346539517815586752982011388566125197762591148422538543858263280403246552265,
  4639440632978884281035766547511234004918739831703291928457030282465341613120,
  28038496308884730310676443688947993148089272711251086984154671823693740830529,
  27261246914878257763225576667839995972878832427914873206411039995719712877611,
],
[
  4966366165511704213839389919986246455299061154614056339106271798812303203748,
  4106620591868843476912280743149438460519771274123100072639821548652382614231,
  5005266036393985578172998210135686204289233130690156752779491585877331715912,
  28001741208988412057013514639188375408672025713048169097460905477799536463275,
  16562799733640603066088777454323320551909640466528985289115703666628244973179,
  15018476699814821416769903091520971426528296866201769762933824211351803677308,
  11490149609538855474661236833026481456159181744169161097001421250703824545238,
  9340905745975236594270350205351199946276805262651680382420036123223234794079,
  7759869425066480209453159719198035488362634370490590947863967729966209085822,
],
[
  4158807914728098517980751453609751675226531291779118633257508898423553840118,
  28738549740562068693001927899129717802623341167010207474159503403945769817009,
  7425196423863116139423601945708427632990455106337953293370461973752023923028,
  8081216436448121552898218841174281359680476499729998743289144936421964600937,
  17816660215697462550275268781231231420177973321159253271695119110642538127348,
  26881031405199963978428285127088352363154006389922769626593788080669367209222,
  13003384787224278589894890298271914414958404307996812686457048358741682391942,
  20259954800678010732192770153008819876402014314504455128878730471351413781048,
  20645981684521698929738372514470354660239845848161972795825508771689976526392,
],
[
  20547112886594944555038807843883775318657535211101403082027025753912718916675,
  21204471857261830279338586054952922194726673986625094846785242364355436659237,
  428145213264685742563751369829369431699333600990045694947916902255970133511,
  21729332507221684499739607150903111709964921429999030059799044186910981153967,
  27310531914572912037184240497153946638531185548602748579008489748038064868403,
  19523943504973807597327270692030214469363707382132429324212572609167840616902,
  5449595675387231707418728561005975355786769289704396806572222951700224258445,
  8975506604953522871215281980887608776182655295064319452576317400711539709810,
  16738023980528742874875083992428128743908401318395818906752365841249172326729,
],
[
  19411560522305610354606207354828169464516972547302150376987557718201267200174,
  12974893110260289542434882869958642223400738114891101859285549266344290913789,
  13696296281555510582014799122375481374958615098231452701475827481892275553633,
  5434047841332604083441270541822976798747255481351817297504067573545640108848,
  7619504146863199517833676268495846447326065444972736460524084549586489748581,
  20142896737964297275390955822937535516400843596639052072037093619208755112162,
  24358026346140119179595692908126217000463608928708510311714283437101421590310,
  24532429055978283070547796582351404637246079152001804281119517472026889294855,
  9430009905268463049915248065921823020020132989335938041716666023151968544340,
],
[
  12142685495478434625584878909163820073616103055759922486517628342319785699601,
  4930005289033398812105166502451573486073130745103447602990393012671835719644,
  1452097819144376991142257952326373417206152282615226886468138677409010961268,
  3382209816107948539088317265387364708875273440650796169939469414310271700031,
  24314254190546321339068710845007299545539459770419055895730725283312870705164,
  10426741484618720836365856050537304668398516938095524189990791878460012136204,
  23102160877907905287594864563182266631809167584292306456745428876326498170816,
  23930014634369536627259643456434604808875832004437788997279469358266085346448,
  8074875356172335676914929781892062422504580630704638291304142446253551988487,
],
[
  23670730838857011259361259599936504257558380966203322592599940289490031478503,
  4717354364599739577826511806999942258527220869320480495481983305549352269153,
  22204356824910455843311726688661034310215375196772862916299423492985088769095,
  3920677955441042440737785436934097312939449091459035442262615842426508986508,
  13043273625902179577920475658669378844661219812498094869572393628602456197887,
  12059713148321005517156446769298964756024293993833897946077637492184686315941,
  27121077840591830466917259678851619017656760886011149976575035808686469645285,
  24626670765776226391475215376644516669902743782130743228373608672596904138146,
  7807914723298068235922850451264664933180150265383591561475093589185814579074,
],
[
  1861816805594996203878879706882687754970618735846960309112184633995063214022,
  28567038573780244305891569244284058960110542699493836647859877294115373555981,
  1953050682268087939590090060515393397476866246797516153996279728401570386728,
  15628582363963747680753938095851339280070835254634897264702729649465140235749,
  28840812066324387555633364741221745221194268173170752800633226685513012476908,
  10812519133461613336072654614153887311875804689560533837474154721417122079148,
  13761898820758492414881330714799368824493279599966056059901649292701551675699,
  5511438386022821023663254233100927589936113075190983689404587294882381207815,
  20207178104641675425483731128200293189038355384811541487792746816587932544967,
],
