20022353824674777695113776332698308302824460502443067622220349387197117643256,
1015421516024054010913993541539404744272263118312919561161639421972970570755,
23794567342628338015310158318992417397235092799983193240081980291917599031715,
5074744756874130796515411224704792824338013732697856678026576831574303010449,
25409426396170363533250319678026555022990386474393251243494324368343875299608,
27057025821208496830583103898666512608030296793870407902261406893294956522891,
24723792051384737817628400626126085443294284097781853074957045128913898945937,
13985578033912867279859415606606405725353671211982518235228091797871793890804,
16446008678192645697744678895968488362798066834133283954100466083114574985083,
11796483627762346929119929640173181464843428609439516465564975328161408916585,
4993290413894087752517311053550628165010749609838069485477024541848765316424,
2576077064263652998521185814867314937678841495011919365007455590274409713921,
3195826277390683538343897802877883486355353148041464657317760429947864854733,
4131078520574243684698168167302663988663147624744660271258922480250000567711,
7823416662171820776331036747509030029213893824495784660618787933585444775234,
7329467501207412502256590348194365157869642800588071577558669962655757495209,
20434266501676151918073951609601631956274290937173933458646993948882906512967,
19470566440624473121679420226503738639782939127698098987933687877770093041870,
2469639438846277460432933431035081603687877793099874292325058404090176064871,
6687416114881389852864572452757379529071884088790786399273628644930711402002,
23279220133730276776023626031041884472608623742336614438207416428013592201333,
8219135383121696633423470864970390011259258867247417279915018633321246478593,
9287064547615067722884076830534387987304518727401829597595072978402782164668,
22727877219007263357957995516621564123673591565723105316433994866508255075952,
11872634117785119558571656760072865444651718142085260025278177411095223309795,
13375888657736895954119019187355747157856018135111835340619730208307943024660,
15805569463175241011072872404463009554700370422761460514152805697498188816043,
19910345154972888089499821581030957171059348560840811550621769503678648629829,
15025898505647968129758196856931415510664258381232608864943951286634388733889,
21258766428993804117793133503279666142177366801362356814116053356740408652128,
1150562861821339706992516461752997869526244338594636752586112132618952843551,
16740816019093109770169021150325651808637531456286691047962513817596084648436,
4527266067837133553037912790255776456111724578560943620477393699019857913872,
8603896172552011594609832236416937110867538319672162381226402391411805020306,
4031171627219432216372522652279059467031001234664707725741147311947918160973,
12029388240482181562788452557900717887236430033256824721074907270458543477895,
26419474161557045263048679680374423981805798994409759721483567424741940027101,
7850425709605713944625727634541641550274379426228662318156464596197421948478,
5201400811921073792492104668031300452375954271567819375132444500113803857566,
23159504045539005761551679046248971934094598299300206210476111430249804846430,
24497508894783377750504548733809417098002563696674766861771325831482800362279,
21684008345257107941378769778703754263449522027169004086172630394013501575349,
22211383820609219085424694695018545780991243828843138281685028129397895964856,
11221639654871515143225711426243584519709003560329486338191916943858475337061,
1357517205003651415993476433687642503966709102472479507045657179006210735634,
23741433097790675220829720128392552266223362340914176006826831904797049352065,
23052380615541114220194914512675539429628259290055410538975582376326856477894,
7233396255580941964888145276695188084504711271688191868488675513102156857452,
18057743591657067382787169024226627448177673269503328003501799584983084092235,
24101764504354116389231833983489465242948567475224492136865036050058591723044,
26002331921318458912218237208808933065060870201861535650431598405228638956186,
4381594403275046356599782705654572162835961422569448232898748474255305676627,
18519751046915672670428789455445301872000033099831314618906666255341752169429,
5743019395205258650957842912611651691295668012568758232712499190945191879962,
24983168081791603993658901951566178284208812040354041369763864637962745295956,
27287976307051937254020179715026642575403145796898327518120660322659664756188,
4246605844560927529304357447711528901624485298083252713521253738909964200607,
11214940031004477649796759118871314170886395899481122491168264892132686683677,
3246957129114933409532568243565416038638711148209365132695873162255570715065,
3970002733186673639912670854118477860288058206047440700530230772004167498482,
6661906606432258465011257579747064094241155636461207854143662048250675405836,
2044460945015013309050527310774302370873717847732964028175069157250444968261,
19162615310991344933435616097082492947190255857117393494854707780486242303699,
15824216436015054556123535133535808187424639385979279524104562417041005617204,
20869103520339132143133207338001605569342887803045366699646164641700537957104,
16876336396181448951005433361974900899018099814359062018008407419040767059914,
14897485989482042075226983223716997702436950979121268681750501458637204016748,
10986847738835365929874998643621247619370633602989725210162471620594924455905,
17317873290133719965032168601759560763307125485039530233528653945874295711446,
26078775118155895984146951559480540728875475300974494531522569000390856196587,
24174968957731291190732609388144047063156372296909464196097160467991858865051,
15936667422958178839434119023318985573539517129145002988216457242293770589178,
21524511102284998871989277858298813619872454214823479386163668124596594564270,
25402237102340082527240213877610505177577354266389581262628925994775886665883,
1679515162040331384539290959413171824861948839616146300080997281179968795044,
13208570313581578528008436036547677251754054603619782390722762282659592844001,
4000888980894746736431606304745089674428383494095818255020165702699215482480,
16327948251055007345932694694961294559969156198447638989772962373643523725068,
12684962171104409746133010568047600629337697630685161643161219461107643858601,
11578150967949732075595290076038861343942347589932999555427267149978121622142,
8434899855651587006830607357475918700164557114343937103125103118801199535754,
7979041735859337268592496620150197413177845278346746057465884850176083523790,
21417618984245426985102546536339020981714062282825076149735373842134335839136,
18222711459529065335818037392041097873044320813578359470299007984871503337998,
28840641735242869071719341759930223681641003355226500407667293360270308789345,
1979961186446445479877572700398545122372591303685470810058777625708071879364,
505116594542593092442214987916567021288335568923489581210390189110336739710,
3343326709956821894166924066781480047394848876171744301593753058526554482199,
13859615480513317898226358467903075449709980355005118530469532231932312185236,
22121174878089329873927393949131426056168609782439147860343399132988778827260,
3905602939728353970022021129057801227819926141480740659449355491094576044456,
20250829607922703478023613712892022631044735609109323855337498642759028069927,
19710901680631208322866404454239067900932010175775468443053874365979319258721,
14388647067957925121258298940466060685521765970197599231815085926707940990032,
18412067341757067328058868777641896932440528056440781578587887533150676826424,
5170698421714527311691133178638075184137381723568159608535116053966073336676,
3922887526401666597313631391328295304909619019250178763648366692297109091335,
10973224768777803597105997028811999643827571883650180658998694053453472312315,
12336289560263969357467237026222471718359722207116103460366583922007179989778,
8573835753757215694664575698933516607418452163332694261591520905116811991124,
18631308800363544231488794525574877757296355868740953055803190394804270853175,
5349576334406437683818975631472294317874920816176786659375963436617341970059,
15812052381711855266274467764538854011310902735031146168352344830979015971885,
21203827713186352828642528668700120555550304272028905067610537271811262701174,
5509102705259026653948681331316497502400744669960688387710965201800382545921,
27270453566696186062717593422121196672852805891846166358136201701974910484065,
7846294679872641826740912877369299031798439696997522259279741161014657590788,
972146789824654182082930060001198918644240965726786411315023383142614957356,
8680154170032817969588350440988959731052383457022473194027836740234198411453,
10278380135836470058618064690507762404868733400555056730174742951583106512293,
14348268265868166888891727513675255734566082134881546587187799269357506511649,
3441192991880192204242611286987999453754931901945468514641018612622699405781,
25748998276139388209040238743025914389487116495539832960910902355176560426088,
19305107122160626622593692416913587958646818331220439946140954773837692519924,
11471966761451166960623587348054967303368855472490344984860891839544709349602,
27464670772068222868164717073552079549230079525913343800245161462738452042268,
3426090267017759114941083028867952974977889703198853402406702350670564361155,
27176944118900719321156847696595563143642445815440824340689235151323019338138,
12675921655767288715551488590411485674855261382112718897895741434569307010027,
16092875248515528129833955875437872551064326597373086259050250136758353081351,
28318955908843660534400182863108983461927118537172585528497106232596125968918,
21619076374761209380858445807835741469854996990413927211095713551131789731371,
195132275639473060133766568189773992758720755829762185648118889823127861499,
14228005106755781349123895311880130621112822586732922941112724626102933353819,
714744225471816940455002859259723087200148495748565709697463625727613066702,
15247615335657282284574448470213293149776996598852402113897259907185487766285,
4534055459119102428893986557028580326980542119025833520696653080146090796156,
9780509359700352814830577715868511962395748361821084383920819610412916592142,
26002630781017832563321138220411018412784403639943892575804869639787353932184,
23022602979566918075550543145765915677216832897602409124577570766280949805957,
3230366062625999832361242386480262441452680887322621954456450247759606242622,
5447635382236907863374457940048962617093904377522894801496542684403785751635,
1583306599865862160690752256960314376495768334882583506238140625098453206356,
10588731305217335890558252180121907142650484198276838584764019352821572909398,
3381700635583176899415840556364504043559110313252547731115217581234758471480,
21465200812456131014763512704151343508462035075096442387298348746255065750525,
21388867581185031098645742810694605542865395612320393731672953990971399055148,
6778017500611632121140361917962532089776880281156122289912756092118812699572,
4077752066417983761438488047389153009543489290868904083707982291425739299723,
3223112927418059834294729511038876641674111240452562682455123928441251846025,
15558444113479833355406264422699272400460609254692375806975923495842783198780,
8153753737985380600848833638997517635323985723671783014474932704212488795274,
23788288447936558807930421755940232180813459689604919623794513933429717305026,
12101481859212990165334236671254857512165523965051573132200229486078620593158,
3095350866990416890451166858587393048613721100524413074639832050726122418736,
6730305819762351775526790723005677335162655434010245680101630549870441481071,
15312268571588740859338603610593678734282608729149180321313803348859067606890,
13431132998792748825755795960034266555161199329922181338165441882189449341021,
22239500430246510075147840970237696503160756598388793378525135875359954034901,
3922707555617728492248257350129743445083042497710475703103777684531902035694,
10469373339460913760970737458712938503004595921551379629489208165333853394798,
16526374170310089636473343194379256991853405594076320764938643024728859104600,
5673967639287017385082582326127837772007420177331377899347101294373250591811,
16825577027739523789444771738775334724866490208775112523747859539799159763462,
25919940378000984921817537747824094337049261158263177226818464982908090802152,
12112204693264956507939050323095702173866291959521850299237809841049217693855,
28153301307745432307875972501184198703456438789079742786018680194585542834676,
26594826120213977886588771099585568899163984727398781351828451499883151633546,
7223941019895270105549017222035277645055677243203227205200734216104385620676,
25750423262071614534090689822061181101348927305849065154562266726692663875422,
26647791927981562304089689962476284776610808101173551804850885248084385569664,
15072061328815459688311853724854786534223770036232374558488907428102314324185,
2584715827049211586845392378855982839171623928079793910323103320436834672757,
22363228011587127038435142351364421506387177944779922250742263575013524676121,
13724183373250063611736398492445098041004166117176294549104002138294856082540,
19072774057089462566344088525959653649425668700746906386169432778737492243920,
25537189757323832121438786744016627706630604577535695352160982239836688735137,
11406849767970684027053529221800332369662697579630963022152159644361858891183,
12665140393672336171593703948484797707774274362892591781183662082773899791357,
7042476205343669435044966136136903777686090937309630586978715217480416263606,
28349493330066868538953977586842592063309151015067046273498477276710787072277,
9768472106303003790917395155427645686379169013319837620538492404719072621319,
13005326242882608605378614849296585179338936731972281768365771283448850395194,
13143331959011567276144330581010745644736116636586181224930017142536289511504,
22847886127948125107797352727573487111708972145469549231446804682900646409443,
25138811105014521817965871263523906270308250557022312611237343594662091934834,
7586160201502410166632548084267891948340389432045113905727401039233660420352,
6041424557189545567262657605738610337278163007882795696573792582488274571794,
10401850483053481610552174375588449313617533159782116119957643370501720034708,
13020499645390090705542091679538688191543755459968384473387271416131723349675,
24811746767803419609882331414565159243095795423894563382209913255466976810388,
8454569152416918833854878576651382389575050459954093534780981958711434881570,
17977926043452987721797837620899139929158553133281142106324563588136233870281,
24404867541148827506010074098981660708112060140275552673711676340279159507754,
16731570370485920679652822816006866350996721906427724195702718846191644907793,
15506440426915132783520176655623301945069023361059566586436781892917077189279,
14627216831380455453200081644425138582763113248349136349098918332200134705910,
25724409691320003312869535716163498456399657072028500306827513532227705837057,
24285943884025410693283147748780096079164956398085500883454555797610815510071,
16881173827486992457428338646763285521384146356505590086280596158274721572707,
28875120087746966626429597337691086032898838758676807749092142800723528667168,
11167663914863459171058654065499961840475777162805177060015964009892219539312,
10213376717808462493607612260447586233912518203583320385268519489327215780725,
27544277899439871579492488487891430238802155603967901368944842031846123881012,
14061318678558791700381416247644141100080209969531509412675934640805013989478,
25809844331355056718681043862560349171939914724117290391525202363467743040298,
16558376175076896119014969783035344047824645418796480917383424683645555343513,
550100634250641117650022562454163821589113660154348556142262860991172315035,
14640609591049621937954726865083367303449127043719941141908379280060934035218,
15534813622806230537742032047995433743295095505105629278304984248639336906404,
6551702580837516675105205289902493294221419524498858909464446786850323987705,
3112984721287711673082591216097693760755661911851956113468656058022169687553,
9247392741776165717174103794357865949860833306019330498650874140906276514047,
934508841587871427225474688092413468881745693167520196112837504584146077150,
12106964134310803419603803919120627173433660842886063478255939165590761795055,
6111780269947067086075542061959971829541627369709488106051943702880338080806,
27849738229282349463809678452566085952866277889840524893677498278571178163531,
27222628857508896399159076057136214194922455386980855157767144412044226244814,
26696851225918660573867457128667818816443844384954709707940478117817025145731,
8817829933926355744367088946284091667559336003093072514072942674816712128835,
12614174635692228425468769212798355169015654799578095624957671715289162066573,
5401916360248963499342452967385208615273505374151918536195605833917061600667,
8334824348402041064916399411378026300794008602111442864072879651686449057641,
19590931535130517995063456765902409890000660746145033817525612236858913315175,
11999194688697258222110203055631157596544426802331197715908003322325982836495,
4032863164582853531371775504237311463395589442151815651774568000062849886997,
14984581111288695485168855075746764380383242742609067559234145967714473789916,
3308947763439714361365664315034814067747372906558930937204482918638634967364,
23024058311724417661938952530039993630371197358922247428733530909589521359809,
5654365001004889265924971642646643715362290600174284332949713152688312112855,
7744818522838239244578286787365226190540436136980693825222011372420753744461,
23995243269210030329617236044190205643653155952495801499795834949343576281566,
6151924516348180009899966370611522688205053174476430357513293270021709998619,
10309406501812330203690193005801391391221042894259036046915210376563234573598,
11936610757430607285541491778371224760991250231210897098689761452460483618595,
12417226471030226359487656000524809799872310628175031881684551890699688246538,
27953437952172164252961124013280944591185966132673642782288707303010951818290,
1187222323132634785685988055851512786670408232299239269618545446707561210461,
22305298986079879725303806874535614339502410412721390780421480848481830183714,
1891839304101668428607136408615959136002826436252037661670583317193867013735,
27454960684185639188511647106245509675565055130488905936462411843582044688143,
11742973590921912030943404760300570924340901490443968878714805219095217580080,
4685945241017076315976060009164191021815331962725475199490215302730017631613,
14927249058171316148071897086401350858701274268951844664702781339333503249390,
2946127639146848812605204637824689082866952090035363241621096233841542391965,
6709634558358727988388470953376472917926792281342491964322013040251374588806,
26332880942568511356688277638612980668475909865043943124039519431798097124339,
8485076251939865040649111437821933396355428265311467187492920203000759786338,
12074189027844450513304843872731156990589165993121050336723645599555806051025,
13675736584883007192191194207104499604173338192344436619448382410176691775004,
24211561038074377003570628426696112417803409224418858848802193056241154902435,
17564164662299709363946674829112856249284004543871359146086566531708761986359,
8517757372067332929986681714468629147157380238345719222817283207335265378612,
28096796693460003014358277521297692905984354648420941150199099595107358209051,
6029055497612901254386395695710393790843232797669282838494129128857305205137,
12754223008335507811918346262589099272033376259339437485411552762909365160007,
3113717983603506911371719493591498992856701133617491596899525772192882080641,
25431619341745432748548757578609896684602780944815377667877467610128873924327,
11213840952602416958349209550029999362675583393129867252325350463808622731245,
17890602916140354246751751864693495819449898197391428668556926731539018533018,
8159984745609307880597103210527869989467656523942236715705866731182253202182,
5871196747357953395864496173884185442836518809521881979991822051818613420257,
23405622907477675390799467694156287420786108860378971875121160147480252850031,
10339231799628196953874457977633197483774051811568547451632804118229792975477,
15736823092113379929686502924379429964179785086217173490898820824848007926720,
26699725697252277896134784028727027402653286026394659900203196358743211091041,
14774438215914386842332012081218125372097022905585566002707462213805993327537,
16931948577339675629172306057958318260188899645027913383335537158076277231015,
11303909521978951435718907852505358237210909745748844005807106745311966891880,
13190955614917325256401834733098789601239058951245748819245958442200651785847,
23528241175087358734435862441502042249480662575363141923209197581591026559970,
25154568975310351765628166590998009721970990172044419965366938751230655129667,
22954667592930872342695316904289385986361914252311851053958320531876858682503,
28794843513507909918550741722192807591159314250216251195253434445814186088414,
25696289835151170859060262619467952530414839459770639733557060930634736348733,
1618234734338758942116433384132403741467902299709593808699234009732044823228,
3605473643799804609306236096988847857559614730336915566410961531602132881649,
20008106072533905677186568220528268490814158639688172749767336382358371909633,
13772663633757401186971723891860562280284568755972125637119569688030743992964,
23496042634578086679098130035685946508450872618100008884862993713156031835760,
28721719918598159678208646096220722457323204794964524865177872241686132674192,
23646258014629009601350814437871875552064472025634478024098698056109466661174,
6928081275083729950310089408522630059179545961806568665404540295245137433396,
1523676255236231573234979290626156281197265981521277023347617054262157506680,
23066067865160183509780723986460925147856305771048989086140183022630852312574,
2739384336667700536926997177132698675443020318869920653624635276669448761449,
15205711556753936355720257318570962461554336360422527720857193390488546927998,
23838110368128327187300116979538585892360708124962204815529055052875277049058,
6060261123737531893313265469192213455784536139470922470596224534844330099206,
21339925069792138920095571175944952279079951768724614639237431483474468861904,
133150767122432467290272923480371782121844398261339551669743285772794445245,
10188702020934290966127697738273849628462990677501633203503569828008367769518,
19400962670486260184537301702173398167432959455929660486153273013263854684799,
6722941186209240589819716247008860013760343958225309003156742963443235948196,
17641502561053027575021783280579087607658691053828630249212797948421760826545,
3752641730174761968194923734466376565463864702701566570933897141211956162772,
2138813033223249049682010941972570437719405723555492142665211430788762874328,
12898620739607574044602001187763379215123336154151566678876844141482091354732,
13024030960035679377683164396237683345316051741443970432297728586037792868519,
18731609983379705419323013403738530365779471892578170823418476156815479906675,
3609930088840185388078546930156418191477119246477318919026684296254744726573,
21900100050942410807981424060140787718746870963136022588658369507725667255279,
27776602375081722826296833135580688119127003099221221970193016671231912732240,
6974538061599521906189228129507368914323298675231711639696471516633670996747,
5858787681562262118026501840714748037096240084265550358930925352984073650396,
27528915121691080902557481588725453770379669237430163498749221769613792018250,
9446798155417169523301135509919404473552022805170412678778938662936215190747,
10180301291053624271107279762048435299292698070380632789323827888142790564465,
11032043793748638904778932469470547922507552100656739589508800001935358804723,
19723144316139787370611639089401457952748925833673397129488624284856262507466,
26071718794390703729040055824736494381612865450016958050476456866439058937770,
2508275431915624425237195445452586470300496610786748398205828473504126959902,
23909718770401428798401371119998022172460646146059171362342603435980573514802,
1564371066667383312101496943827314161061097888866366667544080375561286586223,
19814922412967878345164232259572962750560863487968373587533962455674371337381,
10748062332112805727106165733488998755036892643201862398850123837479732443570,
23915889125026979515826900697299735487724936512729637633382577103657576132457,
21142493790646353232767879580515424592979484441230713210552685317638715730154,
22455532106032041414282241746295685151014029225669707661116318119492528626627,
6227536693132284895234022679091979889021388068405531612294100222009950661947,
25828943078258303043712052095351516553150790707063154827893061509395818874864,
20293839965436963560053727273927941841334828250026306072379716147683779178272,
27261311916894260616333506856934603743034478480076688231808634085102492021309,
3763670935993965659600763750855845328780899546365145385482616327960906028100,
12170248328930686119172264684280078803418588620842107628343006789557595489389,
28523541217904202089104800684148537814140816004723973559666064152022467036342,
19081199635582295943672569803765123660281701938672128420214003126098084633861,
23809570064801390111264279595167251341851489864690647226010946020239823416038,
3937578212828491515185429764900288931427739307861080428407713261628291291195,
1749542009712631198177117133123326963855117399127631235714343860976599841300,
