24877380261526996562448766783081897666376381975344509826094208368479247894723,
15382421503051706193178845678852385662391627627917820301092068733207529541963,
11828198013949670630619275840967967061780213095608795619376254543574401299037,
7789132657317287123310771928749050854272187015289180960303174711442023318297,
8610900935412111704557536373428805555438069111451607813541963853286423586434,
24028997254068307556204875539504771519844756214673445624008135500841665840956,
28234575486813104657903468550867130206620599928190181473784955376974163831740,
13442471250768135024359597746085282545681331034554693236118036310517667991523,
27019952340560229594213737892796758625379127700579607669879001510946051143238,
11090063084124308624659690716638505682872168127649822910078232213501841581040,
7778345345548999311472617981531869958938570324792235781769827539571344509800,
28346590579001799871533875152817308382646456468374077858966183127362315961194,
27876104119819174406716188072182004345976261737366831993710928482883062203452,
1211642543035068050424947367275942019667601932252496529896667184643108693527,
9089870765510738944418528260339102699102642165385752798224016863857513822197,
9479007756065324533215255912412517580622964053355464928081274760528436243319,
7811336353851034861224806473113810161243391861789774750767837294453392368529,
4357632694512748918400545770526901595508242009210009940644297929302127291838,
16553814313510762705999135142904641099908905456781609348968936881883265262540,
25192183769435732355674610371682597100958822031912924457127702903847460080860,
25687091347932449689725670438299342524922344611741486871511906613232594100857,
5704462480070559891401857385088290639366465436304258436412648185967206781856,
8506510755685366997059131672513760723170754811697369796413215219080577893127,
4565086186886054936474898366770265734110687974185143996859203968043105609514,
20413090851257587343894484626759352629588259386859428997213837176575370354152,
2952206427663795784687257414528013388807142042782382012035537909720080877668,
20030720400483861400910705626298407215520751269150196501181973836547769908081,
7263875064235538917178941839666246466597180241017471142935492494407968952909,
2679756453223482843404009060728950291559373954206785229479490539319476367262,
11341956024378971755844210333425961521296002206991584467188336675811433553441,
11045567998770359536317367666867535301436642308372831830899010148757386425688,
20586532188680557841423443057328800647344055433326508983111323332871098585356,
9241514124307251246795659864988341524599561719240286700118564715555562298308,
8483951714206514312884291815601061918124281881483739170885770166211008285839,
9535717751777572161822715397351905237164667415858834153087755417692694403310,
226772610351699457945940152506147886836525614497268096134857653240791281201,
19407987849895145207369641094267294422213427103434560929675256494244138561058,
12918087971998415569374670976350320857283103387439564880138265046636810137166,
21440791170750966179692794332954348212638701601477494436123204597470884065165,
2647286439744458216364672551560978077460725657722222952008455584189836789781,
12643800174713637828059681703234648567766782599479498740801237625462656859378,
18348318305451587947955958959835770632268617197068510045129057270959012757793,
1453424303753232875347586216127462488978927083487839422902039081013987496107,
3111029410629347614660551599560046285197701955718111803781302527912341187058,
13654974022065249162082170804863604517651657995873254111803300769696830271522,
20901133294440801655864022236122629353738480735978340457617714647298618416113,
27044861751570189874701212116370423330775101840661204682147262673309018011289,
11272765974147787899151343049003116323967836743017121717746360099502975319187,
26776135977644647176961499790136882049139772207880635101180323409669000890128,
28207350833400074632301875377752927124058340615733927382012225827436145142899,
23434837328015084060952009504548364163478261059523500198217580992651750607061,
820727896428076193783216044734917057136559563138621088629451899153900414448,
17505852696977265877469988302725213965427067841172537287317847785641279891723,
19718265356243528838474298813517856108677153882274796800491052004968084372600,
23226506373417859077686430818518883143703760330731276648164982388707395913897,
2460818500303947823311333968638582244915139583476501113502956656481491375409,
14544816219353593457176732384787600818505019641105179130086900336962218330798,
19522683578595247612949497578106355803626063398048875176723406513426111609681,
27525608791421730385028064313199498602474041864733753059999762446547384822650,
28763326994924492136952139834614114981671608351194598259336581926778140724798,
5838797037665213992390931432205111942530297184833463481487313159497555550967,
21859633758354627221841451240871646866265889167313049025892934876861466075966,
23468918490702267716416913493068787584884306190144952494976611781835781410467,
7513151249102257800634609890129034482332953214151947221608404164231098897606,
10862765681924048949396724372353039825532746764462617247552534696875785622764,
13223157255170109605474190944493525340075497831701856585838709927374856297964,
14213536940133217804384099196888391892532254157077352668163657248200448597338,
7021272443988044985815594827146629937584519416664344286803022393360590516407,
11140079814514728460037508176879021839620053775870279532467153135968279255391,
3294381944948445594669637535155847593150415654279836119131993611896588315683,
22690545512990012890584963531324527242049478201198901417136898250426541107640,
6394478241580541886131752713662737466807962684609934315131796566421157482347,
22056089582772659866434805152334488341916418620288533350815649354490562795166,
27267497511922449000735217683026483015912501332349680098675414590648738218696,
25106823191880330514884996848290037917150823377960640882080993846823220703035,
13668679704911082307167725099236446421511430732755929792932407901165781589730,
22829741511573297738284681773749328808306576891976531934389300215518449337735,
22913358064650348039727664366661727633418259539236735625038738359655129682101,
19235954127824567370121901728884314740043370269766878514137202111968542967884,
21767812876268036526239622129089676740643004646163462541428711807769392570973,
9770070935546235402392187972321412752771956248371402621418308424045596530285,
1563313218825195711181173843628949268443858274329098274267666703068645213453,
16872192910254234961611232230419240208160071229347021787345711877967118822303,
7620365042581157566351958679334536425539637303529253376911691055932360157855,
4466468579373696362111445937809281396347203738722737116802540567477354764354,
4405337532626962187427831209766655569597502167392949933876774976865368821428,
25414172131335514333316499380464460518344756208803619561179067995869081273038,
5821134667976485719978435363381883232377554876778811331020920733419429716544,
15101070842770770829554234594784519228667556249414388667668115751156662015858,
6904974237398646931080235392126698219556607842790588027675923802862760002056,
26613276199484523534619622249425034171588651472080655268661888050396812048834,
6929193789858637080384750301331404656409109189701247319035166226046060826945,
14978186353380186580682092617501655907046894978900556242741493852091832414347,
21197372736634518558404990401120278038012805548499733976034444386533820865423,
989198691259342388951086592423081509066850976265256938833022898037536853517,
18613759736881260525214880502599239022581561136873123911663374620470217420250,
2711585572527262793276241378428730520989649020857575941863896967434628397258,
10685269254150283476889950632223284664157479146352974077863262508441974535366,
28364966572689298600944733457527557621464542539954753593346630940020527547138,
25919704434877481394437519742589577281303011238046990281596389974943816927974,
19675961442094925184896676708003328165568571621080729460403699813945794557196,
20267225754408655242603586434727790780566991925608032657191256895263390624447,
11603299374272160310938253584337299375496624346479760191784203067626829657729,
27432375895905577327441088868306316512174592432828167415937880755130157790557,
12137416280489171435545763277362561636925055936995008211157816831827209032327,
2674432028293210626272398558560695226834454519529127895910715826721101405530,
15710944343045836163022605762636446084509687631863286996028157766226295480237,
15283983337870022154919324790466086165729392388100946739516032937573195841643,
9935842177030519680393678589945321459410406754747099354925503383600859640617,
1624954707295746802374706961992858153658420863650049603057189085948331517899,
17031246273569811946748723044635350727032381452590077500433392626186814821010,
9295050292453120516093515432143555469333736234048749298158053737352136478435,
3337534027082625929558447065778772737762314414466270381086336538848277289404,
24696990412698043823133168595006568370657922395506900284239053379278318023935,
24142905351897073284403856060861556153217754641976951038792824736579618300182,
9197533657739385306123852562488429370629424675047308912843293632816841471241,
1239381779317735901283428824953360640899949978418316733770809029450402903597,
14403621999234377229106821808671062411795274966082773339609925980830166801082,
16123423503121665045500663605056162051564740766872333789773985413437443461186,
15869135037919479852750383948827792042732267045021401916869295665395275917996,
10011459287087022953631859233760102638028918877387857799096792555702029374579,
4544336712362788139926469868616541261832695777219446380150927492858182460312,
9548859553035935117995569398923278131504562410732430793074599732733509955310,
23945074524319287693457746974142140375524749342034669114957872658839259684548,
21784256906838014444935801359500877438754795110965625251897003780893014427588,
9497954889400563883665594648354523481340258465780206708149956356654881713768,
19319260115283146615587582137732686893398524390977181331530058192084201038696,
10879567969705380130106164106678981864436516000697405961674090502599662493042,
12831983815411034883408672325868902129808449443049997375248459862333072122668,
15363285189892106872949790706344694156226963271573913316727711794997862759786,
2154371336794021813788819644591676529995779705463073642225895414209398601201,
22274801266703637806695199361961842106768557045279690065353031635001159246171,
14046027418119317090684525283556892575537077590244355438374114208175512697014,
9087921660183558702349332994275398738572304416801194189167695316768016830561,
25656234030044223673789610159920531709701647360799742563807478227370710367858,
22091123860228907547222509348197893145755764633399380781089787897407082760896,
28861862937869409154931586852841366462951598163444494407074548483762320862735,
4116864521462612300773578510886589790704142145286221346588964685754134106708,
10324957043137448416287990145650685167053286103710331520655535403457777747264,
5697821078323964067497371081941577464100227868989667348473109284489341469388,
27947962625352431949900972939230728029317809303753139174234609052596779421582,
7152420432196913476906519809127657962025109563750046081060051144096814763309,
3120826400172186479176042518260801760513421998237322474831739699546329390589,
28052690319331103109780501638430134042478997854591947245849184914185642916073,
5728823771848579971331326550574451851196396837416852415959427590782325205209,
895518275942456676132628535408397849818406056160719687538127992764969277739,
11979733408913927784673766447447102138179330052239594340425526867261954757875,
21500956781265380718996821499256658027188494808848522078937850221234897271558,
9792635996263518988700601148366756136800959477850952116521268073327859453107,
5143024923955915307472645970079516737711370204975095619770466977744243083611,
8588284191801084399970078132289854230889028280428028055282726003822831460030,
14507542710584687511859496543497673141870085541260239591146539273046326195829,
7343331034613438954773787270700104590389513075774825677103558329293091927244,
25534478096370632390946846328421504036463261511595424586892895820502811663801,
28203263024570099195932431692249522130424147178339824431919879821341481121849,
21542878817891401201880375886293522180570086134376358816951554867746865100635,
18291895168595857035260649682218985364186637695104479546969353341098692170046,
14068899028652882582140423751016863777913863703411103514329725620342101247185,
13223015899577773411056733509096011005823643999222550171925410687276337386712,
22031499290160115866922613614108041025684639859984635021236963976990384264233,
3634490366013734166749415711160894649598720519231758694424819523046857769382,
9395787978353255888034377783133129528690581144016460501851322365092844500219,
24819396617279324570663826660088070870320365511456362711798542594714002930787,
4136736034132973071775228377666885018560740695973190831683319295741600242357,
23257444139366730816073176759941289558024679338923940034453109835363987289583,
6384978014322660182753115530961937175421330717329030279995889645046940885119,
15616639808710000712482462300798899884473902014726992991622795894114947220043,
16624251689238925236465100490607176606916188446758082389908471624937471517525,
17734709831496704319826747744439303552096317011523380717881071044208435544139,
3825144299851403348028898292753852831645395443061147452570420428197324944389,
10746344191892881339580877457061228910042272594801886681566438038867896537712,
9686194253464806846633677773361184081202686067129635067984098666981398286264,
2946292700234013509278112019045758370272216932123638235119585303624707185069,
23405733267440271955669952106557240682657899979725374485986194920951818196639,
5360775401893177885293643470026173226032082355546564661120312341302970581274,
15177027737219727931409947747881356756748933088752257741495774274358842276186,
5555189152915799588416408560138448416371431111053512118800952766089666360048,
8914456282249502900303086724416316504074644359156270143898583176432639629861,
11755312807578574921871686019918965994965497349503409516150555055909625762906,
18729204220139328897979391603795372057169455796999381209898623733250325459744,
18572768890350420821060397486259897765371024512015185611661807651489885555744,
26927758563010768009998949629412359216510307693414767691365947015108252266378,
17753019992034750764264551222789004746624176020836316277603607885901173192926,
6164739384327139607596454810150276013878917550016608135929363444251602740638,
3634419988495955614211035984521100807004052320323935671280193909466311463590,
28332861641932440284068502410223479766084538202408095772311440214368062601815,
8449301375934654879706175657563634491229649337588864653480885437777423466540,
15491244183575874882717872735159474807162123351009428218653294833680711010424,
8615065072690771082479013392459115736340080091116234420836799023416858726546,
25703113102237367456787112440769952266767168056455471471260884485647404452135,
4228419111720069992647906385404717219901776807730880123380264179431306136815,
2979812748369680570615926742487490543009430830337136206461146088118371718743,
26502956054173988270398658680167995990861605770009924186832764623985588536828,
10311220270735203863217446530474131523968407056079027000931076191403720579523,
13187890342898623126233082608892736014833672285130381929884711968839376948103,
20020594522057405951416325858108157356461192618761322454974425082777064182297,
12913143427795694108344764439687848110623021755394194764942925428775793558046,
23996184861655597666147167617804572641552327510021079909409440634302444380688,
13341119045393851950763268114928176301571128870984270446413371531447569185714,
8084880007060477154906813589226967572695637573885380143691293934939567347800,
5631892270356200030344179107880133863763810659974347689779832032493726404825,
12446746908187735229111136081476897436638097767835429370787951012172532641731,
17537091911465758194924618956268579974147719673400862616097225437603625342000,
1028420049070537577111123177568770375829111702489227171279865909222763772364,
19946088928660113823944069717056596540241973336249123965744830400898294947357,
7731794824169796778235394799772993226964226997619713677881068249583874193031,
17112377944281656452675962199996036087570778217992766688364458572609391446330,
9590049657583446593582237263416638157175255531481972859810197756988103462284,
21820511146371022542529243126011440678064247079292406389558592674256506416229,
2843859165222528293137896162041871217388384707080929629175641009876536100830,
1483286543495964109950129547734655558769275840802366781528682697931384079206,
11274586717096264259141552417333397628416611701246655708693183742104267113405,
1852455887327137182353878832287823561856414178378025813536392468924240441518,
18437889598661746607686198166646606999052162199260902198481632779893024234627,
22404474675370442863145248378870174740665441600084914862396543802487778999901,
2523307785535827918779387494407579160411113575863333120269512788937063368617,
18049481768228359286605005323936477049490119446935259604862715240554156732481,
23730211418512966350177330775552452053208100471511409731059850595087142586353,
21254834908375018336780938886148649673102565595022413841135795704462642931738,
11952865561292530998836800183805292705711366300339475429146080827712222976713,
7510581130693410499721189158581087058956274339031619207864870549377333692708,
23671390340467231963357804134231469253814425702064254567732596878864394298918,
27741968301437566836331676705516383291988158029334870072488140421636780702561,
22095242163491050906425975449861589290401936876289023086107231894107285837503,
16848156451411310828430235145904590104087220765159620884539035687193257794323,
15332048389712268609005281679090142984717233432216677969277614112539278034870,
2066706651771095075007897679798014649957128235186349293552341055331512268327,
13373791995362699559939086832351831005706024688791146061975893202712841277622,
16637211269448945433683843820738829399793613875999750847782880772084833026997,
20371264912710994252895924731282017247126118854567642155757149255430635969984,
7949230142533091835955362827808774668197747481760769234186115796410737437783,
28013439727072704290470930968963987163671750687464101664053177033258042704697,
10832252664268446426122080926783261592210756546815969180412557351279951700145,
28292293972613289050404785748713944658960013345145948908918755082529085389032,
1744878903349048324385479043176880447993461063315298825062143990429159261508,
19981423630244632665299421512564951023278544916092420967492752390242398402134,
24275765614378112073907111468255778891887572286009144518918488187358897394251,
5274513119771328032672787104252760411412555973008722162941385232541643920516,
9306214370790130584808895866976139191719002477985750464600302964385880320554,
12827227793663703122221458557422484566139234751284344730457831256502519644687,
26658958945357809030588406542000809915232534173175494366946632654040426318541,
17581856574363062097238631321525656277975464293848253428026832460429345045967,
25600310585150449752486338674924723642860576879349013002697321621229514685842,
23310610321311968230419737894543092755165329551364557936975767936260208243801,
21970652047307368397157600267800718488319071138515415002380354424341959538358,
21142114581964379139170906814872622068224745485841242941030895305109300359743,
10964893991102394520111289419203723404815463593497832617333329524454949235257,
7885153106295076688260991951855035963790365683540318261887140935763055758326,
8070156756328591194755838998527712520715602033043553610409261199502248569719,
5664664389715871297937455067272980357828700460716040854646001996280854033519,
24991763937206678632376580678746709889554043389816552043336293864972744994665,
20640734143013960263866148457877534816876261067711437098135762036660400974940,
13286045968693053973894077840686747477321396461013151309395731182818048655155,
24542508677082499297097639212375557544042132994610132814028538099892614009665,
27445643280712283044450195500948128486252534076223906262855429712551353551099,
28801072805044490869261467447096036967439741213652090059120801429082859350089,
26847057579394641295560877292583632383335641399774324145169898003511123460130,
195036675669581123514476152179371011195826828048186652572999322495350174652,
5908876548318246760027773113580770160765328363944327127162877064770711634886,
27069932514218170510906569133519031649554944389770494549140993638435491334318,
13536516005770568482912501131797384540458965900527891362439444220529591062216,
17352048588622515573048152541524596439358747713609548565973919453065899448892,
2181694503289677410203180555057817715267376232854039215594980672074483555626,
23410743392277697236576843562221256306029291692456314139237796731307664614607,
24834176733881673553755343459126204255485229279268984522439111733524959709635,
5141673749358376535792720858171860220314725284034560304605561770480715683970,
21285337210438041778753032572077164908571173890836608710271849979089286832816,
20084670378200462284081479067625233903964145865283992801863968007030951779299,
11230638952511490136090822253274070906534747232850353638375987218721134594362,
8873762988084674197670723764000988225951582673676941104810363780612292103807,
26452847388862758029430026165214128983370812304990556696497716357007218111970,
24207774306231942473896200908717529513850394982170615643173735799881814195995,
24143755972846170713688231959028175777356217105115018887302939104433343740436,
16361052202697596924725718969274402208537304164896111034410682062588806275360,
28048821375014090156340865755525797186303368097798429045482809392892554568796,
24879555175988673904881116985252208783467822906579948735128330452131817146231,
3371290317953308497902605455713146245895824057080795082482907682033278960595,
1596181429733430760867292989579864378465445500500852237805005232728975697761,
4797231287278158551908087344715625197135996550255208172226586862590972173450,
16932370754317520817932922532554141976990197534930463567852570720804899820663,
24978322998427646406354945301316805272319618997199981296570607781578303542747,
24050718669794673290352184807374996041474270894370682099367149126971449661853,
21664040668657908060092167428555843645729385346940952703930305741447539482049,
1813138119998239893169923899439975852851712877235703222423081211578531397795,
2927955756982525191616884361381080227978354407114200716044584129908601572732,
7964509081705242801109396147725220973056722692032819482691074766347644522911,
8704981872883687033907982445307342482878585985341065434807433082778769874951,
27290757143810734240181836236631770902796538870895351047092279279017480012162,
17465714357936537491813623085567515963268235011262755245881720611965527170477,
24037384769065839319828827994136296587242567198474143835271826877186436294383,
16727203041648882450414543012546824849438451031485049451706915990236917778417,
18710365069159992953714281114706835966215959593944576147282530808291313864917,
16975468922226560092626863260109535962913261275143725999320105356527587531293,
12008585270189315062668448829944953407491517194197232592698131283428508139281,
17469816129153769047823043410720945264722495602906336925067804955701952334698,
21953566824583586928919268619481809674458083342305042864506940952512446905924,
22023612744413003633639428153571957737369900637185153504433573248112386259141,
2225576830487112891381855578065558850748826194544696955724854918349896691147,
16744269687202156175003699602379315798845245284182552139340657597261581122625,
24155793656458208564060521989648262878739424056473564490446294091697245929223,
20393973059240501586356509097128863203135990776036443393517337164970718679534,
28626144807333897486141035046191179864012491537547876279455345673198977548438,
15743473846526926515257786330633187565583705755716241848128005655299522980764,
17789705210283443690934758068751374236958088750177017196010718436594170104423,
25411190320703924846079357533358881634611276029242738333310440845791139234605,
12538940210211196211361745840889205556016779476529694979631272387078245924867,
14476670030226318446941326134874451008297798593823660269338421042979307854755,
3274437391029003796658159689959434483221297690172957946739184377161099460603,
24540561123280118639615657560799527624517219136756068593571160843118109780408,
27273169781671573617416626521779609345831134177941515735519191952859610084013,
585214761395545652928852291715331584773883913589894017095978899876428744444,
26908649270063669096851768341372147275065820722864511365419138779676236724114,
15663274959597737069511991853001984956003700227819812694985728707038672367013,
25043518570408434415007919108872121425196890171089572188298357240693186643978,
10893424145744796033977457454452439213755090876827958549381784280224973762396,
581417166802238181696267246439188801357731398558286177065519082029975179877,
17473774093678843948673247289698250576210305986457213088508283305408680410416,
13245773974146591748816789250103650150634260709719461304084373172054466509801,
27187244712759827017224210946305082399959064446548575583308310388620871334459,
12923826588699744912233025218555050057718801195396992628443045158303735694343,
8078997041334347427024708000239256836923240472056385171390446853847773245871,
15921989459074233609868105920030350121593220286465731578091641702313622141638,
20431842088633147442525552568735420418572643357130576078797384657568295487657,
28831029283713834239155220985666375730563512637765864287267036050035187371312,
14751165577154991545671374382731140655589149691495060480833539745239276777210,
22765904765527026910117409356004265758155518451010383691558927126421218934136,
23294293544224908365180408082419232469380683806728279836618510243035881732684,
18774814631007566271274797602369093098510897049586464010932345448519340352974,
10916125263264228537888188407309543154467043636461104036999138694928530506095,
19793889089001221510014974316298094062060479303174120067817135168350688496186,
13377519078284666551070635526521224139180635915720256893654200858908269772546,
16981999330506338824413742986360345769189966852700237912394826182040290291389,
28288997894940417739326865402537632427414799427991349304939445587438703384928,
7256966748058242506455795160891795199008684206223577550478750151706843601692,
21773371286287510787460595403882998447527394462166938833269173098616170176391,
22280167806697451940844662689617765408491246884046900784242537622936992999341,
9189442997427744590998320712493466663363540830068291033470480738804381179246,
26337121167311120696691043991691731094325484703603387645262099154745302862540,
28333175933537449727988804511983887623329751018220940047054708406189119301652,
17642208190238451971196616919774696101770672891602787626725203658715171163241,
14657700351512343396533388586592996634788379415421391301571439794093517812868,
2578994840354199382149362092131238228862498204032618148955632617287537383929,
24292186597237087072840808533417280868963963052998327560132627161715123992278,
6700916020764010082616067805246692219896478718667148229878617589214045776583,
9352605847237083993272107438080501005572204781488400726874321495958079422194,
10613338483852454633946856037426893965950545723558507732295718610090886570239,
23392138150504745738948257931349778436494111546557064862694669833710811932039,
866739384301279687690603275719147654372376942601798816422185931734687127664,
28846102496588012925460797616433970753706042894075246766104438086435047885042,
26939694592166284529869998233164655315805129858728693015115794619838471988728,
15437398772255272417041612671133233793664447036496654197770050606845253827449,
19112327588001773469424126403568844969241909109731703836293707752090202060442,
10410357587321663539766205685818070706783771059903863577990441394370298286063,
6485529443366576009907874486182356487636799131274290981696871314985222018205,
25476640987240830411697216793670003602984093864143796159429719979107562271660,
27494069064303679835168228402569645611460005094821142105265996055671700795092,
15232707475586975149142299735757191344031240763391194379237796051494464674715,
8600048304488518793044564810045747036504866777151529637144057128082933210624,
12377080000043885995412914121983159564957782738804245064761594073122739606604,
9856189119183984612233104499363375877712024954562435092820804900910018685092,
15481736412469911751225058980516837232998570185540903530903288275906720648561,
27533503981161931761090370440055890869445397942328337599190172747706602576345,
26889533665317203960364751644837362317059085720321686223913953504210798415334,
22984892745024579210895440365360428204463923081784463529902746826560526365257,
12400019783107154725868501573543166321902506685035229277354864133879090900344,
10327496561386530409354065896985386156051654863502502856951688230099896748250,
12732685651459128920393457421160312234500195557627310666488912267079024508590,
11522437507076946969369415072896989652512317697416158508310578213513422617612,
6847722321595917889172445358552239917133082256645090434718106095269806042653,
9684877410183933836710362504982656869398840013440861963762484957071868060860,
22762089160236992341234439790781015893016515816122798205217252264661088565155,
10518587931315995072654220011180474349899079176736763872014010589066238106577,
20603569833391493816810182090676430129234657491861633364993882532929472794931,
16644591875061591577364882974956799013287337015175632929985145876671561757358,
24539216660478770985032817649284224958425801020460495383193977200839778852050,
21275614997159350826080899020247268160293842733267938232516690979779037967317,
17064082622188494476070111831841193271994156516889718051703891534023456924181,
12537255949914758556831317903990184399887808239648873835071905971486210446615,
25908543000138222666786875134443914942359020212005810629922076305046171938226,
9763694711138268341041480959268152822606306362898495801183609514203179210097,
25129778003291350787956532109958312457751831217959372727095447299057130536144,
1473942555210085866826091493798525796996287571271941220421175196258330843094,
25298429521980302677756721381013512405133533792996569605491880764959530233503,
22751771752350099225878477370869365270046978926819462563896305331939868416472,
3378935344874586806799396354370650372378847275848983250248916384042684749966,
6412472763358516420644330230270762548514805415987977425809348460227253498282,
22563174167664699091193513535010965550725986414007114991395687052156938674827,
6774987471509995031202157481900746371211635504900057549655238794624642847007,
23737450800966486814969526812538025417695208790836669169600605318404088016493,
4704087584179446792342677502882657150379339554308261694916989336884306676477,
