26978836061977243021722489539782828858723842678350974712281038280888525342270,
13766184354091346662192172174672589734710180775906421201989059010586269834233,
16289320090631167893298813158693106563870530446755828080551685676999617995407,
12317852367822661190843310235640095682760809649926705834084421721128308296691,
16629218615922386766530788246524574025522878211913161650370860575195010107424,
6102929899913997120028526874925676104844758924303424659933606352399117208470,
6241576116551563299583110165591268824843574050316410672639976081232485352845,
28526284106139996415496548174663238699718907243439511515959423355371791035452,
3146998002328796133008896409631221052612249729530471806972645453913420502052,
21999974983135246564082589574427600159326503718977039418190965876306539600400,
5835391399495059723133479820227963929505528923821389009760396137516989294991,
18608145670918583601161834321842769678245934901343623758005321879265024039130,
14543972408533380630765081963391888736976676348908630746923837534839148918402,
10198515584074497625980532938246615607144924252366846975150954151650061713994,
1254512945376116036451577505714957696931857937705513709489839003805265307914,
24429827554896554532706799308239744853056958038826420252775720586395886755308,
6695786791760449148581877410879536466836042381990045292766970832253870097243,
13019886977555097618098005345764741294223426183642779770991494889440331814507,
12804304511772021411340193544502751464164963425452757335689037532824658487369,
26133329279456383061676860112811928292459459511949203714285755235915867573122,
23257991843158952318143248943009780656649975993082532376333548349321150914550,
5811812883278516219352053823681730628206020220037199715522869871279653758078,
28547728768362355777408186746607074070257721533788629694181248652172566674551,
3172107927893881968040338867507512758810684936986998574055067978696842797512,
10980205402826857327669459368829124645011166382808028422679776100260840030288,
12955707584834986532474422631786231791908977298705548097340657968873212547379,
9479559350087356949311297190354069401590994164564242012232501687389140595257,
28610737681112488793191621676623679506565937048358128274732242511091750264250,
2453358004549560032928543909003181578282212961489343497167931964001116323882,
26739241385125926366272723614992137486519125561527648561599483370160180658557,
10254261369941611088782413486779362305101248183600594044472820591483783807790,
19206769290261405708647061448365275630509619432945236386848196667394248438494,
9093273278298525058701604492158699625988241140635647593055541197589208823253,
5018899893259598163324722186954715786232630807079106345505362128528145273270,
6414621250728423454444225908048798965980767196385719160321111884310240116347,
2905592547428656935844368862187956127503104787392150166831671235739963533019,
1405017544567525274683469427446505416877900502960831020650875567066504833070,
26074104711597717891903751877999183834885676664053328136158359657440290723376,
8381930284782624322053343426908086893807394766070023166770601697866016761213,
13324116770450225287854873058236765819255325575769693352737044860654658890052,
28277100262955836677046284654594144453060028312258958619602738346653040978766,
17911608915738659037969826830513466554788846289141779139782417591802386687967,
9553760068572023512659468395224255234765565983387726373365027733169581112145,
3451262128301820952350918661869625562758011793321708732492893835265600202068,
27560053949160083259531083120850335032961297822598380884051460838407940978159,
8489865764500428336380188138078985814694277515061042279684285408897515641977,
20340063568749855529365797630263966357661033690463701859987451041297981310101,
4258136119174240058389514462425707320534120609504444042100859896029998952814,
24113274468789091170589804244917548878918765162057798232597770663036614878582,
3624593209674539611943099653965646853877646512134563536644742993290200869753,
17394409727190171384743503140436687942534976850275252382147305022741194239150,
17398177821633347303198839943594859043527155859256597184459837057863432135916,
9297819281147463226663073581780120937246816570266087554897873294134693632247,
9365994515280602682457075952957990552852488593552404182440150298267559915464,
13481004993442085437701041203440579227238182260466805167375767998360546883392,
19782311474270663291343308166528330229511406469862669155094049249756825537504,
26332544121467186977678448377267588782938443653383606739189782822624254338418,
21572846491493044936231909113355971802546837796196551445030589875600663121564,
15288425018326552046575730211624034185863005804417971379041192825345946771256,
8440514693365053947932049840982121399763301121703303619665639821330004692100,
7283465791890793979583178825343771956605175879142961242034923628118762461033,
12561190230566254723817054436121180189915678357247801253509313677326306441468,
13737707527497368387709762556104509152723108217117156224026188968094761205485,
23073030132321536594748418225132391395939457403938391700441679566617546967448,
27950391528473904580193025800125802241920369428434734795231591548060046823311,
7937421180928267378235973689603519301758448187395212039524226268416049041316,
3339278363845164581994160522034172291374618214021103654591396792018782785651,
17191139529992357482336557985357893072657614642005136005982229577904994069197,
480797116310189281860169334505001967375903737335405660255658163190398281750,
9019028728708272904985526884679222344443527456235389687718318629432780840146,
21741761808557487523050062872708768849632462104181605138923727625837702204912,
18546866039685614081209421193905206849086072117124750768082049408833524796413,
11184129886943002514116620427135659861928987175530466545980716906169689897820,
24803982207321154050362404613142044933678289302106833107642970868046313284663,
2772764683854969174684183733169022786318489632569926720387565966365136085562,
28366867793939623374490079450681901072097618598389093180554838958667204245031,
15992674566193965025328135440095199317495191755419639778627408317574063897010,
18816866570308903847585460183953090466150736405873049628476594861159763383529,
19263361613028721720787987990021601336567668103955231531787061833442970727680,
20664313485263111301868319813690701499525576632033587701811744103708824879368,
4790773064031250907878916005016224284285160532751681860479289022781359261955,
12190935315060906484680409039038086698151461725287178404963332986281591938209,
15284669056284253683947345438110394741994965851585299744551267686024959473513,
14790164541692502202811637797123266485840103000763943462628125520638320831348,
16173375834409767024624629098008555068413403573754777930025512997738642079617,
23478933675752906472226193192322427104235154690757948172872408013633459510788,
9806260219481988140906445414678545042537652064348046946973696627748846514284,
7118617917290456568565349523211043675000210767480887230879946464696423148979,
13795630722323448189004503994396148829116461292065240771491630532700383214015,
13992159728746458099338325769989956355720849811465761949388645786674534039043,
21494762022595388543843097218185418751127380727628789638433373867532631844134,
11545812737100713323559485059032349536563471353787678463447003517625407955061,
22747188799882391706126850841969149134815374460217905761758400602350774441787,
22547624975838266563100491824301796992738979204821065906989285425044348152481,
7033562003633240548298839324619498684373504271491773997871759417146703341390,
23447251069453592365124731914004566454607899323920387837583375675049357428374,
12396699098653015757984658483620198361451414338339370272023222996641081930357,
22549457816413351355397500501179645547592910318581327634164544004605778775563,
15157398846418915566422687118694099592876299708145721773187111178822685811479,
15524569348872065539475655228254441503393706651063108373087254435064294104407,
2909804196604534362059968498751862044921856792433150199973697716783408440169,
26507094363909971377549818597287695735651629437066806801151275603139713075670,
1916297974669879547885672721741741889352527147063178445845673238355829186187,
5219904451149709390124193644939232145573894013333009574103969998852851219185,
10731099181444949230288781413117397464715557644947191872008185800507254825282,
6482199453609755207672845815300658600301342672619166303257521052952293830872,
27809380252975903376185734525672178390008088939010370992431081285636149113906,
6868648111046562546137615185312764597145399839512302796685899098384925596174,
12223367672343695310321788760321772939780185444282350157780882521525499444397,
18558812428768339903375957008948282380239771141754355746337198688023112034349,
7120908155270722617672636327029703937771532717533876561647206431354679448866,
11437918685388874813231373922556374081148648689406603155472665935424048963742,
9327816453025065595894119731342290900241006220915619001500574314164899060932,
28130201240643860042497201071106020328232509389926133632769582161508061091882,
17672320832571051933451069651121569494110442720812235681753283081162076121574,
17489103626374183621207298155224514750663673111448724458851379687810380670923,
3446833454912835224998080611502326751538688157377382633063397118678778648678,
26439463646919502224743254726384291728086069365484623038431805569390700778166,
9077987638549494400523753738384780448940641056335319287013130697201930544233,
4439960137396837521221093797513278877827681755309557133662286996376221391906,
10982596570965471469913195807720359718569213228576322396171738347966359708152,
9708630617071909865983006358119676167132002921237253893020277492107500127555,
17079555708044203350906732467312400199490284745144256138123614077518744028583,
18297284793885723988518138549118833194883191702647910760863026366909344267019,
23410811333034640357343870805929034310412724904584677158956641322609951200157,
25851008274243598595326626605496483757536429531425209804682222900837328838395,
16233120875704840001986253744334935118858557834949332536023919502605479252378,
13526200206802701002530856808788955350827679217447511463562975484474527405662,
27411469225266232618925628735719340450991769354299993015615329400590811217565,
9075711571921895349064522338682687902917355607620417296287022356525761926964,
4193157789884954084868068873152649196640517164679245160322949759353659101160,
27492424325554010728501474338083298826708098647018466875728494422111076479867,
23662688088846757578586336807544732506613625949065044508934789979417947172246,
28563894772811136489554315300572605781071415654204016247384634214770849388858,
19240334164579643881133290131790499770605305149539135097868230563832223717448,
12575181082667283100061355178394768285718633312674245597181998526094441624731,
17673945539914740678965733304672511208095433050480846566882738211566396797067,
10615347500858615478549966346291797170236798867946318081344813507377035573787,
23329924632646496277284339684709225449828501007069116688734775175041754567838,
27206758725555203096918659379910240870892708931482110276389405947224703666330,
15483264782698508572617837897019450640623678412084155594632405324351210407507,
27762090683304225123970155990444855001642460226725117954383411806831903536910,
21217693891514439560127924034388229265078585367260015509730137145594423756588,
22394409416972331827455807715474504293853901032207771211881368408267133951715,
14284201729181639443895737624573421838829281550775037466946813437644656624335,
23691139921055003823944515284332629842948306706971027602912977309938304600167,
9712813341023065311417434015485705737221849132089848002190917128902065306090,
2309579060535538284935336953796680985993154762020301390119898202238000337855,
24676001726189015531736323875855025258572080650964475770088256530457385500120,
18235466956414652314962409319563172338071669171114974562986852710008286831972,
5065280921962383744162675145765946485364172713312236050424444521726040900598,
9464081873332265478611525897807679608801116856101851223703657216020938495714,
28576538339760799531821878813992499333814137830964407160809986996288611679023,
10301253360091528790943506019491292163693102968781950661251781399072212853833,
24305643442914438511908668342666922507708012480325963603490977837311084903039,
2515828541882594422356723857193449534324438964102513377141570363588796994563,
27396430465503052121724504639208880722818849140569881561380144960636450659041,
28832787709040312641275065763414100180466254834385031822538808890644266586570,
20498604950861050393130154482754057247760325374223687039951447556875096726975,
22291517099626998590911765375482965118542154760424749715875101133192830685319,
3771509625010424212168751485232368568487146011446902522508780566152266509543,
8105542141148226680725226335083703530529411439001445003118647300773585792022,
10901593094316540552510244853652815674433062606830148705948551374579306459635,
12717485232477819545351412195072920423863127433826752138667776702304921592575,
22811781567835588586500414467030404423222361040429968945212901574229987084928,
12017128762028115496213679292090294601022208844954153125805254958406179111241,
16524406709348152375593143151455742354906180881775247415735013969390525607013,
24163778636785772007499998889837351340144214893615116164279253250290363138952,
10179749213883123427487727812083014653059074808848993653085487976767232810318,
8092593897816705135793264655186932782147133534196260725500292709618800503289,
14828594429110323902375953957329459635253167644183293565166830496604169927897,
9673324502955317753526387968978750494920213959568222955929674205407436980664,
16294077187575825291295107748304391035840382220902710507558533147720002207296,
10512467032974898507042598470820060268882586389288654801631682133510323606024,
13633049206611527486885899196335750124272827065901161489601968287189995376747,
15271266516350027604732412523249288851337170538672626624275672111117500606984,
28700706815943392600046227874221780488548967891536189632271625611502794529124,
21803437214696441791078336969484572811918583606826809148124673546661194899261,
20590578254377804668133308440019341353313880971680030340271044463259191467935,
4754583069457983586723075039463247459610575105638305564524649123262765910805,
27511383342079956041339319636774768036666132801710224576959976608806437019416,
24797473421575274154174196023577763136541257733829207850750164192266786104614,
27966010422913395771856771328692424770007431350846052772625511371207954055768,
9514068503791059161611524145823263120035753614366090374798721651005596827511,
3772196935110686222809102619934713224123467618903157037005527164421301150581,
4481969045498038944127303196235136373395416851461273051929690896962514440241,
13534145940718540956310346247672388281399688679710663642285599918862988115108,
14505218109360475655217005238395448494501379150692166479185050702336036445934,
7338303257595615032390711017917485935034187233816266683893758187752510199236,
25281673854139460904768351829349408482578128270641738075390600947279813505514,
8822529263083487891789627818997351629114996927087363433246712334717315432414,
27469787330037496707737805849593776204206593288120486657351715490519620012421,
8484088012631518043915052778311570398188449973077859644851855174778031286075,
16444547327496127286748345119212932157000197623296479759704446016082580644632,
2670301251768009611836188628142071110621657913637191474451901256987638893158,
16597832962053347738898006345386326874090265706327597695653426822169526272050,
4901302783866123883876906338152549180353801625587865388608491467969667454333,
8355534417680281007952571981714997132665719336644395757788084787453743191116,
24006640837778690000302924964908584462512387236994437838425476545119818223716,
13623306126354796618969155239888986457863088056430511214344386637313250107715,
12742028964757976590374299280680919716147657937320163709718228288185288277855,
14254686018629601853045220605418635057073436177685600089398263092844942938628,
2617635085294869300776003954953086218051498877346521095022908922171213519931,
24026641736851414327385703926935228655120674075428797726540268784092382824992,
26764270060193850026835652978408505775261364956919927698059031740450565263865,
2226748938975074222185831028886377598188353985660005337801133726373210801679,
21935709682479771806655379258693355559180820865163529191550088520284967972831,
10697559885915422362422524538968392960339722587038232025190745291859902420483,
2641602334499771648079219286073421851236573850368150175086759824225360369737,
476813684583359953783724355079195729761036186008599458971924604076587717630,
11431068344268096837484288652053953053298645325745678160593478248454205301290,
18048211805496523108596455910713707520473317615970736179511629611139095790272,
17790619390780937585278533680603808736352277697662487375391687302773481094709,
27039626609784402691685349173365091284099621478043291695099783636262349383468,
13785729367049415377994303593537883081157455926987598054436904702919042009517,
7636603199430194876372166526001270099118401040007501771546319845891731311120,
22530188805780194520709028864277583969765124548401700159466186212716522309998,
13797684311396211353635215400980701739580575385634735860149919823219892638786,
17243971594284305402720005039571326193539984484432954601070580991348915058877,
10319706208329815415108994165775944202292432349277161705299424368524855319591,
10261385998608418469810256889989562022798490765163625018846044376474015069200,
11597035616959845616702019613231504168188841753432493576826449320209223529332,
9198913467147181599535143639841791733508568176272290064235384244952578562175,
24342429236603945702993901467232066601491713837973592839126327394939175842960,
6894331741892708491552975100849612493235295064245495621103994861387216921625,
7796937673566874535906106055621099320597849222382153769474732688060220058184,
363186252143209159422284026528197030955660731599033594897348815944095414644,
17155377115176533685017812212952537649752194529328837348073383969361046646857,
14742812305414139863723756548884242816652958327788940351157674975715380547725,
19725690036523471356243050567344243574669168542159353641024196215208568202797,
7104605888564791335913294857431645058813003185089598134889245374367253959195,
15178471394127405541207876047128215290569242814370367881045443403233638141792,
7394905010499743962530205274775704453324956119631738835083841657739310844808,
5839519692509972267839340781684238953764944257548855083793073758856233576276,
27504809376307946518406735805170297372622771583521387853585524122496906316207,
332261077275221475973725098492869263099299027144405749836087308601005019258,
10988846258263820976251926040467911687758128523846750682554264700182753575281,
139593597042737405169268755689790316654130423489622616981763523041299186216,
13180401169114807225078038925325409318209622171254878506044459383679647974853,
15562383102714370479262897167939671954558564061068111602323649316341573393780,
3985628843821722122683051161861072152977031690742142664642539256358231036592,
5653015336210908804891263288924774880043006867157806262726993885531938370947,
16526770161166835610813641098359347450785838794551283883952931890005805783887,
8934451653039263363876183292657640702996803747413880722887975129593809076144,
8828507020446970274965395508037213427441242678477316373389078190378841549213,
10720378321024040729298891984892927296203488176129656537462922751444110449027,
23409371057918248555828932413573152422910137802413289487461795082974557922085,
23476092040234251895230545156847769125800726085488347744848513254503048128872,
23854293035163528599710952527310409561382054836289573257072803909177865471256,
69308873003370081903849872670367820295029412397369363895448352928335298948,
1069631940234451753610191659783634322993812326859891941566670786759610817700,
16032035839013116510854118827794780913463862381443607976492186298788416908104,
8436050880518572020678859865513216804063889020416391432484483454879504109473,
5016330470149317597551034069064620061764760155754481068527866239776180003376,
19031431792464497875560628522778720440354077301398573966634344165038196727701,
22925673881243869713476911146672622307679296089007912346400394845220456960338,
24368378126866937151405981930031382677235474655281758342560795576793667165244,
18975204293531851337454460878036373839730124776215112745043170713030367835832,
22604503182100185337546276707913521818779908913731874638261761777896409741254,
2732594333782592976428587678336433544720424152553519966405563254608949716762,
7099204057225368869837722554249092192789183629338795803337988726067061246956,
8018613311645722813585855092896059286802742811362247247007161654369987392571,
25106795809545588602395011693048629429546898842453669678821378797334143086032,
25873450508259538423696151420264813516315111579457817870178547112986166872757,
13882427367075091115895218277572888515836105146672699493010181418881894338663,
18504675184637450874960981160207421388860154581658643479497037680975568418402,
23522794890656008434960263997275191413926113420549920419140573992320004788027,
22751048810636657878029749836742139107717500232120871802806699698570813643905,
26847928494340723679574896047511711217381906735482197325335899708517145326592,
22603022229214443475515994893619086770061934194687147180404319945386699943320,
17017767818812481021672956042375628192971185566303841702523137109694281152754,
13779276234820691836273841339410298023693508505272736015396505496081339381896,
18324194146778216029924744211463120482829440537281236282837512245466244416789,
7359975342030459033761509973506991738424758561796191992273605685354174122862,
508305680221122823073489665976483825351248813362903807637268506879750108510,
9610399646931950865940113803278783419844395756230883651537005823355431382401,
2921133483151724536555177740513730875071340187030502679678569418935294279814,
28558398182833095453528565434934748888615290271112115641307083030571505563597,
9345673219342482965480604821216144331395086658241427745000590066195454615132,
17476976301575734387318832300642778004712785540594307847884187979767661841727,
11032514563526950404735537449994590693347514017545631319057800614021102427679,
8487497222700353642454946300247692362620805490859177709370016246090728131132,
3429603088178530428936911143666942493474260591187659618168053937417735354476,
8315362192069072898266422411232221511102100256804257370217961946381339800061,
9016349067290670093222004541304421921619424658577434273032038470378810025357,
7455949649994616724699143255865518647276533773925930932934727843537265368671,
15659386402291630616977175267324165022824697582831254988808012153448438629933,
22668628533252460867065202448109283062461778436837055299985665204363606705513,
21017957874609132075099737266930027200535628821880784568763827706450982512192,
751175541944009858933264911740665475006533993878049866849348760611873279379,
543435026926694179521579903550199850340587602852430320032120977889272123990,
27489418572609607892883818569971486437967143436205213554094270453863827634580,
17732097704325978524295972288446936467321430790284299709597490965071630943256,
28199946827867333987548336348684778422688788270431791154363919959418462527092,
25884475875377687329558086677068430974112887595926472144282787710223174971013,
11156986922578398607002503488624168659602600443741935374561628592920135686839,
4540842634634672546249073666285618681788874505869109940170955645562790675502,
11300865998709536892389922656081355863576031885319673860149057408839232095800,
21305706950973603020984474811588215034163142498117622067423310885614200884995,
22805093404668362070602555412530099003623539701354953680951884244182809543519,
1643753751522554495205504952287197541080244446247825776620302329359360933396,
13841922105265366320317758165138500203338308058020479609614320448478916447521,
11580216274816945864067743969946366037098111378195962273194110977492560704696,
1600995392627624297659077182444278470221803211985376801336859695739602147180,
14401893336758095428808238147960139235106119588009167513998314304257756049443,
26582913682959050193893563064463236810632637727937951704990250812950781218560,
25670198135851264094663416666664392019715340068211220435322173844219968408194,
24430480864723978993665768738042367142926531405814695593041893409903293839032,
21926263219439091179969867588439165396375396352519964770574110133372156684200,
6487347877484646615293583316191618335855134890035774581835596210427923194440,
2752152668685898111391183005867205926476123073741746393284049060219818303787,
11209679628875647543688148376765331218223535463754218626800647136971387824301,
2245901902213882737218781491809367913914704010880891116917809181569307953350,
8708401504966711852293475447002248873676074093398201187108847085615758246567,
14855907150872046491741728136092981106005948811529601202712919351113819993863,
25514075119278920852182793591051700593675347899253149332740464919163323716345,
8588178850503176200282092627186277835197819791376771471143713515394084940788,
23123437871672008155894369765470013418310929688688038741233993330607407424015,
26239576972763890981439102169953819400971341260177960330318161345233072294116,
9866002325284773569619873054653880984322374117185545566167186205930875657709,
23454022120313171265563428217858028296997500326439341037378796261382998541170,
25586273646567987733493191571668074710048388061659223380209768294154448972694,
9882085359183428411820415629431054333041037805007070629171806541732084469185,
22919223722243500135067242039952116778196757250668759321120597343920262932975,
22692796362238544636023105573907806498620009832810098585597929251803970266545,
11333186459021770615985321827673123661397933978319877013570396315341799888523,
2168730879415463765347416622742853634205736136386183599073073135594884409436,
25127953279479535675554678888588210852085984815834033090878711976444044491463,
26391965235848862664800764479440667801883054021742400353619759589567187319448,
17059696265416559633909983922851980569531721283567669371522486251020914234458,
13832421916609587085962228079367854907690291578710865838193237476050843787171,
3575982673632877482402593430752161713756533646471637115125265490898559537298,
18800228148988413439031480591606038212785614629349256561489113174890890549599,
13556353529272817915289494127452314130051786123268797473370710320284134649628,
20356666339854357120756977048873975304027025797837847071814338977814210087520,
14288234368852464467024744758928670872559194175539094565506850930471424642120,
25559246731650977968237149420837846199715971567587392865945146529648326707207,
8428224730260543706967209409719044890211923616460332373188691080655862021107,
17001219478467418424174816573821001897351080595795098039888192740066116837989,
25360040215767069418922989181376281244784705950241582028096871372442757019180,
26955446311933175801837747892302223322962790501101957245005249050972475883900,
21551070531038135877425268289805992420575114155532570311170954186931393541062,
9967137840246181866859483659277560901885277226270113495014395612149034029357,
24799402978527559186461578281341761906256046613902185198632649918614441746957,
10174613249856997070070810876963328920003538854905119473534518716729206390501,
17038347722137037008316983052691352297306192493599752586314538481022884154829,
20647785486813770630982026867042387584638602011796635510307454846430051799622,
2006759861266403845250661071232544579688561559016133916200094264354210129581,
27536372011057089160982247779113505042648890819391441396558749050418643208440,
11937706428237579744228148696019315504969071670626994034547437866339146923041,
2931786880240799724618968606567077897627796121038982234251304097630012459578,
21813262099237308898988946775869049063094001231798413755633175413789790391649,
9450840664526002929468875988825149495184571188469165230044041044883968709740,
2367347427241444998238812782303914724353745712576415775557782776765282225780,
17888379929553451888718510149937745920801196718820054188285290837992886194982,
9249887803430871372923850817583823748259762624935199595756193782787072507765,
3181343481760128327630104090795540626676616702531107092563837754226554637467,
22698164505075406024585114627530014549137815266543615600053634813622503406039,
892910865482323037431505403657042806062240942306868132206522785831024866495,
18242506197479286911906920365285091274471332604202345409743071488823089059035,
18967406011094270486452478741025038584287310592695080475426753805554791469239,
13133641645976310322324454806590771555128089381461808355315532017023898119723,
10974005361022096293959817226121854660482796106607618743365509388001882730526,
2721274184926441269961403458294674637746405842143704880091118625794657615470,
18317622595680513130828308754369402616117761404183205711328233415213220920655,
19270510582949474456649335843858358255233680897180771150333735181930249647012,
15441686892176551296186440454645720119337070727653684562126079911242338941711,
13190551942751778959875080061740500978506155713598687141202018582939748749813,
13619486380514700182005163181320295906306428296844312968292599289743995687420,
14847193240548354717403502379501688285502236076999980342741729468492003663368,
26726482964109136530073502081934019284439755750382037673074044688301814595002,
4054837628943101921629323254459560729245207850963533412295529910768104330666,
9143853537425425478100027279426437833236636249985319068392639677435476504523,
18635913225649935062086410537869213519071422116698836494251458761117932432094,
2023736261730172014695322388107059458503126760090426682849634326468123869466,
18622919635405299563652832400890895494150038437224800714409961408778251570685,
19006379205804567730283766968446082261434462990839248973704120854640843798706,
13670407950992716015829788578959726423508619703990169946351234384695207736738,
22177884582049575831578581970766467732956373770985723931100698354235199481859,
2765484142848251757905818953020011833193569314133043400220529838744391501245,
10733145965108808016546149187237783208567025175952102664099154115600855029139,
2131278618998770320078933078606210686041650264342707807037786090948016859303,
28357240687561788236329592036921816426078582710158096556161098749511412633788,
15800296130465653423636580713826144567865896019322691231627849980506047095523,
7249158077578653999133879262428880423339998024450950344247035361523704424236,
97290192717683170987879819814321157690319896240681462159770882473909579946,
19727067199701371748345140676414933159908107104962256180063854960243070811668,
2106931075785684979048911364479663229078328865572447866650332666401760062251,
7468292894494426176566351272756494417393783575607936649032462624424669148663,
799590329781274161449683739053376107454991370177421687338777598322641434837,
19492339661311300426539566184522684861901209155369348054356940798692645860871,
2775049194450038215088463676372544009313447194784412971441395031525841036829,
21779974974778409960603484708004940210663445018390591507168334575158858328103,
25535950440287435920821391501980212765998202863530746972781166823175758604384,
12240826257245139158034608249498659631787852919278840112858246728025851039943,
22358474667163199272173595082837215010193638106188026392008640555164001818081,
16217194590121963013422041750530328374706574447184226891819513146447975069002,
15789448032269618708533543088378988078813376238007288470828243705024901600378,
8199519484224297058081494698035625802540624181378584305613071546221686842300,
8474113166641243723747404803878132625240910119565607912478342291637817826382,
1974825649680658621460446575183712095383718287794283346536111602442969219085,
22928408960479489053260612803354674882189092319733646634482089762938819618539,
28471347253848112290290483302852947501163535561832733691203167473012210569195,
2099248670155840908948248148736147041782908689976165153755515091199747123057,
17984268366894152852367568721550586156404873685762681772711553643290631748173,
12553212635287612854654204623746920995880778721330578410836892169455402898312,
21676778054036299483509663189835303950875891402314329229617846664294566123030,
24398630527415699209378795854535787286732330513611473714565996356422651831128,
23048328358062143083369321546633974893563073189779535436155265130257742327998,
22686768935147570552448256375621006561260678235496266354609901776096595247031,
28107414746377140250766268059631803544302274085095031645966533936840351888411,
17901750638697073263617318064295782926798562219390649608022113700070042727009,
12482933179477602059267590829920954602444518398223282118686311438544642841573,
835375899941564192942005464718586766122309564720002582004996458510224070969,
12983122243540844222265334256970014293413985254483361299747284054852390598322,
747166161309290442837568158043517749678670241269413987160444466962926397151,
6333210908201010837372419546318869779815595944661079162492547798882038743165,
5221622252478199894525885071253288020355680530743958090606348832198013535925,
7357668286296695370443278055215089550746661214450557824537639387357968773703,
23568377481188381218124403344812533726034537841381103921842864907108862680935,
5372639549416003496923509153864134981826679995130340233453739451490809597670,
20254212263478389178899374633059559167768787201372687093603434329223594286133,
2440213615529273216869788178046851086559261361263434595675640290655323269172,
23435622376881605056761955560065780973474279064714136178523610616099984271279,
1276089307967355945632867503767327183266899655633946071290887915163262875628,
331065554233389046231405892186304761198243993482023136462133530558091635122,
25162580486616065295083409964136837327681174361840256886953210232200038068478,
217698428168878286019352533970725896110897352493010180216328172377342897267,
5164556053289263145825091341191779174934188913945274604970482743168008703458,
13708099688082521868187392209187020859140765922186658443548621843062941389368,
8315968552357180115077200755101935586771360868298154604771120991397106938757,
27297967484178708206131371383201645497081610717019096770191779011501672982556,
5949578549187616615537338398185087491003503431023836930943613558655403874723,
21156050251267932887329070347119167783093699414934226105973480069490210246351,
14261171137497633272499439254585977293506243336468596975566139894212753350513,
3638234329719153867626922934808498558661306131871232727209569152229240793826,
10867211127242332926409510857716592066275207647345430387613572445924390936604,
26913861667920433782950022708762787164645701831000734910606908573247090460512,
13609906922549407654727508249488751239285953044198117588467678836176102797062,
12813932949347228402937294829286687600711980418216748138893743956659389341821,
8191299149278462196351364797815320358853306036862762898865699587228885286604,
14154645417958521701489947962802020820645048542557285984678094544482636650585,
24370345101590416276508373865659033515541886443324184097897289154622130846831,
18316681043814626520463735435475054514334080254314348303243039606536907251863,
9363122107325819075785304201001031885556511412967623802777099786320090537315,
8943409208536066240518613512314120091413459990574421746139036640214358919621,
147808904675962598209587962338741435107750187967006068961509907101893704379,
761750498821177556234662603336947526393133937998228771334049673562925151240,
7923472813722539772841875481408390202024158811243587171438231344209578939873,
12495372126287689822508137560079347147925825510575327754504274446153283410555,
19564256486601892105804692568240031146098025956814070143851188466008337413406,
8411177398073910785720175804826625496302057726328677331925332585736228339206,
11595543297693386042335983125975340445370882643648154570771627566410074190357,
17694589719009091069551243820372968749001547097066548018603587241946788985264,
16258810656498976587291743517606758076273249379222140392637884956669956330446,
